1,-1,117,152,86.7,185.1,1
1,-1,19,149,72.5,189.9,1
1,-1,250,197,20.6,56.6,0.96
1,-1,237,188,28.1,69.8,0.924
2,-1,116,152,84.9,187,1
2,-1,17,146,72.8,201.2,1
2,-1,247,201,18.2,53.2,0.994
2,-1,234,196,27.6,64.4,0.851
2,-1,615,208,17.7,50.9,0.42
3,-1,126,143,77.6,189.4,1
3,-1,21,140,75,206.5,1
3,-1,245,193,26,73.5,0.999
3,-1,210,203,21.2,49.1,0.977
3,-1,223,195,23.2,57.7,0.958
3,-1,232,190,23.8,71.8,0.81
3,-1,193,202,26.8,62.2,0.481
4,-1,123,147,84.9,189.3,1
4,-1,230,192,27.2,73.1,1
4,-1,28,140,75.8,208.4,1
4,-1,253,200,23,62.3,0.999
4,-1,211,191,20.4,67.5,0.504
5,-1,134,149,87.2,191.3,1
5,-1,239,197,29.7,72.9,1
5,-1,27,146,78.6,204,1
5,-1,266,200,25.1,67.4,0.999
5,-1,213,204,22.1,67.7,0.998
6,-1,246,199,28.5,68.1,1
6,-1,144,151,84.9,193,1
6,-1,37,143,79.4,214.4,1
6,-1,273,202,25.3,65.7,1
6,-1,221,204,25.6,62.8,0.999
7,-1,41,137,77,214.3,1
7,-1,140,149,94,193.4,1
7,-1,277,201,25.7,67.7,1
7,-1,253,194,27.6,73.4,0.999
7,-1,227,199,24.7,68.7,0.999
7,-1,338,201,29.9,49.3,0.619
8,-1,288,200,21.6,65,1
8,-1,152,148,89.2,192.1,1
8,-1,262,197,24.6,71.6,1
8,-1,38,147,82.8,216,1
8,-1,238,205,23.7,60.6,0.997
8,-1,365,201,28.2,52.5,0.961
8,-1,302,207,18.5,53.2,0.748
9,-1,290,201,25,68.7,1
9,-1,149,144,92.3,200.2,1
9,-1,269,199,24,70.1,1
9,-1,45,138,85,225.3,1
9,-1,240,204,25.1,62.8,0.996
9,-1,389,208,21.2,51.3,0.651
9,-1,309,210,18,50.2,0.534
10,-1,49,136,95.4,218.4,1
10,-1,158,143,97.4,211.4,1
10,-1,275,197,24,69.8,1
10,-1,299,201,22.9,63.9,0.999
10,-1,140,195,25.6,73.8,0.999
10,-1,253,200,24.5,68.1,0.999
10,-1,287,196,25.4,69.4,0.571
10,-1,318,206,18.7,46.4,0.434
11,-1,167,136,94.1,217.9,1
11,-1,56,140,84.4,220.8,1
11,-1,307,199,24.6,72.6,0.999
11,-1,283,199,22.9,66,0.999
11,-1,259,207,22.7,59.6,0.999
11,-1,144,191,28.9,75.4,0.998
11,-1,323,205,19.2,46.2,0.678
11,-1,296,191,24,76.6,0.468
11,-1,453,202,16.3,44.8,0.42
12,-1,294,201,24.6,67,1
12,-1,174,142,98.7,219.4,1
12,-1,58,136,89.4,228.6,1
12,-1,318,205,22.3,64.5,0.999
12,-1,267,203,25,65.6,0.996
12,-1,154,194,26.4,73.1,0.995
12,-1,307,192,21.6,71.6,0.548
13,-1,324,201,25.7,70,1
13,-1,275,208,25.3,60.6,1
13,-1,70,144,82,222.6,1
13,-1,177,142,106.6,219,1
13,-1,303,201,23.3,68,1
13,-1,162,194,26.3,78.1,0.995
14,-1,80,133,80.8,229.3,1
14,-1,192,135,101.7,222.5,1
14,-1,310,203,26,69.2,1
14,-1,336,197,25.3,73.3,0.999
14,-1,284,199,25.3,71.9,0.999
14,-1,176,199,23.9,67.1,0.996
14,-1,323,192,25.3,74.3,0.584
15,-1,89,132,81,238.7,1
15,-1,198,140,108.7,218.8,1
15,-1,322,197,26.6,71.2,0.999
15,-1,345,201,24.8,71.3,0.999
15,-1,297,206,25.2,67,0.996
15,-1,183,202,24.3,66.2,0.967
15,-1,-11,151,56.8,172.5,0.783
16,-1,84,128,96.1,247.4,1
16,-1,203,134,106.6,225.8,1
16,-1,327,195,25.4,69.1,1
16,-1,302,204,22.8,62,0.999
16,-1,350,192,29.1,78.2,0.996
16,-1,188,194,27.5,77.2,0.987
16,-1,-13,141,61.8,153.9,0.719
17,-1,89,126,86,252.3,1
17,-1,214,132,101.2,240.6,1
17,-1,48,197,27.7,67.2,0.999
17,-1,331,194,24.8,71.8,0.999
17,-1,353,191,27.3,73.3,0.998
17,-1,304,198,26.2,68.2,0.998
17,-1,189,191,29.1,79.2,0.997
17,-1,415,207,16.4,39.4,0.936
17,-1,-17,142,68.4,177.3,0.919
17,-1,579,220,17.9,47.4,0.659
17,-1,561,211,21,69.2,0.488
17,-1,388,208,21.3,55.1,0.478
17,-1,464,201,23.6,66.3,0.449
17,-1,450,208,16.5,39.5,0.402
18,-1,82,130,96.7,248.5,1
18,-1,210,130,110.7,249.5,1
18,-1,310,198,26.2,71.2,0.999
18,-1,196,190,24.6,77.1,0.998
18,-1,339,195,25,67.1,0.993
18,-1,366,202,23.4,56.6,0.931
18,-1,352,189,29.7,74.4,0.922
18,-1,52,203,21.4,63.8,0.907
18,-1,422,206,19,44.3,0.748
18,-1,417,197,27.3,80,0.707
18,-1,-11,141,56.5,161.5,0.609
18,-1,405,198,21.1,70.3,0.556
18,-1,433,196,28.9,79.9,0.541
18,-1,445,177,41,113.2,0.455
18,-1,545,220,17,41.9,0.447
19,-1,216,126,108.3,242.8,1
19,-1,86,126,92.2,258,1
19,-1,197,191,25.1,72.7,0.997
19,-1,311,193,29.7,76.9,0.996
19,-1,49,192,24.8,71,0.988
19,-1,337,186,30,82.3,0.925
19,-1,-10,138,55.3,160.8,0.842
19,-1,400,195,26.4,70.3,0.816
19,-1,375,197,27.6,68.4,0.708
19,-1,357,186,25.9,74.3,0.664
19,-1,414,192,27.7,78.9,0.599
19,-1,453,192,26.3,74.7,0.481
19,-1,481,199,28.2,68.5,0.418
20,-1,206,125,115.8,240.5,1
20,-1,75,108,99,276.6,1
20,-1,44,189,24.5,69.3,0.999
20,-1,357,184,23.4,66,0.995
20,-1,401,188,42.7,96.3,0.941
20,-1,366,189,25.5,75.9,0.921
20,-1,384,191,25.7,77.4,0.851
20,-1,311,193,24.9,64.2,0.831
20,-1,340,205,16.8,39.1,0.701
20,-1,338,192,23.7,68.7,0.593
20,-1,191,186,28,77.4,0.581
21,-1,214,127,101.3,249,1
21,-1,71,118,103.6,267.3,1
21,-1,43,189,24.4,68.5,0.997
21,-1,196,183,27,78.2,0.99
21,-1,346,189,23.6,80.7,0.921
21,-1,369,192,25.6,74.6,0.883
21,-1,421,193,28.2,69.9,0.876
21,-1,386,190,30.4,81.2,0.875
21,-1,439,194,30.6,79.2,0.517
21,-1,407,191,23.9,72,0.462
21,-1,-5,155,43,160.6,0.456
21,-1,312,206,18.5,41.7,0.416
22,-1,66,111,107,278.1,1
22,-1,218,115,102.1,266.7,1
22,-1,196,184,27.4,80.9,0.999
22,-1,43,189,26.1,66.1,0.997
22,-1,370,186,30.4,75.1,0.964
22,-1,385,183,35.3,85.5,0.957
22,-1,411,194,24.8,68.7,0.858
22,-1,353,194,23.3,72.4,0.715
22,-1,526,167,36.2,104.7,0.698
22,-1,446,206,16,45.7,0.613
22,-1,334,194,20.5,59,0.54
22,-1,324,200,19.4,56.9,0.481
22,-1,-13,136,52.7,192.9,0.475
22,-1,432,204,24.1,58,0.472
22,-1,342,180,35.8,99.5,0.44
23,-1,221,121,102.3,267.4,1
23,-1,66,106,111.2,284.1,1
23,-1,200,187,26.8,79.2,0.999
23,-1,47,195,29.7,69,0.999
23,-1,374,194,23,63.7,0.905
23,-1,343,203,22.2,67.6,0.819
23,-1,360,195,25.4,65,0.777
23,-1,319,191,31.5,85.3,0.766
23,-1,344,183,33.6,94.6,0.758
23,-1,387,203,23.8,65,0.531
23,-1,-16,129,59.8,217,0.422
24,-1,219,113,116.8,284.9,1
24,-1,70,106,106.8,294.4,1
24,-1,50,190,29.9,75.8,0.998
24,-1,202,190,27.3,78.1,0.998
24,-1,419,173,38.8,118.9,0.981
24,-1,348,195,22.3,65.2,0.876
24,-1,376,201,25.3,64.8,0.867
24,-1,364,203,24.4,61.5,0.866
24,-1,389,199,26.9,67.2,0.775
24,-1,320,188,34.1,94,0.712
24,-1,537,164,37.8,106.3,0.705
24,-1,456,200,17.5,48.6,0.54
24,-1,-15,136,60.1,168.1,0.442
25,-1,221,111,118.4,285.4,1
25,-1,64,101,111.1,305,1
25,-1,391,201,20.4,58.9,0.793
25,-1,405,195,22.4,64.6,0.76
25,-1,380,193,19.9,62.3,0.757
25,-1,-1,258,20.8,110.8,0.706
25,-1,355,195,22.8,67,0.593
25,-1,445,201,18.2,47.9,0.535
25,-1,415,197,23.6,65.1,0.53
26,-1,61,104,118,318.4,1
26,-1,227,115,123.7,286.7,1
26,-1,395,191,29.5,76.9,0.852
26,-1,553,152,36.1,105.1,0.745
26,-1,418,194,24.9,67.8,0.72
26,-1,380,200,21.5,66.7,0.607
26,-1,346,205,15.5,41.9,0.601
26,-1,430,192,28.4,78.6,0.513
26,-1,-3,247,40.3,125,0.407
27,-1,226,114,117.5,295.5,1
27,-1,61,94,118.9,333.5,1
27,-1,394,192,25.4,71.4,0.837
27,-1,452,201,21,46.6,0.807
27,-1,429,182,38.7,104.4,0.768
27,-1,347,162,39.4,102.1,0.753
27,-1,382,193,18.5,47.6,0.549
27,-1,410,203,22.1,74.8,0.41
28,-1,223,119,135.4,288.7,1
28,-1,68,88,110.1,336.3,1
28,-1,403,188,21.2,69.6,0.877
28,-1,400,173,33.7,106.2,0.705
28,-1,366,192,26.9,75.4,0.651
28,-1,-1,262,17.6,115.5,0.457
28,-1,384,177,28.8,87.2,0.445
29,-1,230,99,124.2,316.5,1
29,-1,65,81,112.8,344.3,1
29,-1,455,199,16.6,45.4,0.998
29,-1,387,180,31.3,87.9,0.951
29,-1,352,168,36.9,115,0.719
29,-1,417,194,18.9,62.9,0.577
30,-1,51,78,123.4,352.3,1
30,-1,236,91,130.5,327.2,1
30,-1,403,183,26.9,78.2,0.951
30,-1,386,185,28.3,75.4,0.841
30,-1,365,186,29.8,79.9,0.71
30,-1,456,199,17.8,45.3,0.481
31,-1,57,78,129.5,368.3,1
31,-1,239,98,137.3,328.6,1
31,-1,403,185,27.6,87.4,0.99
31,-1,377,181,27.4,89.9,0.948
31,-1,460,199,17.6,43.4,0.662
32,-1,233,94,144.6,344,1
32,-1,53,65,135.6,385.8,1
32,-1,408,191,26.4,80,1
32,-1,384,187,22.2,72.2,0.999
32,-1,397,171,27.3,93.1,0.989
33,-1,254,74,130.1,362,1
33,-1,51,73,150.1,378,1
33,-1,391,186,22.4,75.4,1
33,-1,418,184,28.8,81.7,0.998
33,-1,407,171,22.7,88,0.996
34,-1,58,66,136.2,387.2,1
34,-1,251,82,159.6,356.3,1
34,-1,402,184,24,81.9,0.999
34,-1,428,187,27.2,81.5,0.999
34,-1,417,172,25.1,87.7,0.997
34,-1,-15,107,61.6,197.5,0.515
35,-1,412,190,21.3,73.7,1
35,-1,264,83,156.2,368.1,1
35,-1,65,68,142.2,395.9,1
35,-1,438,190,26,78.3,0.999
35,-1,422,171,27.5,90,0.994
35,-1,-11,117,60.3,236.5,0.812
35,-1,497,202,18.2,45.4,0.575
36,-1,69,59,144.4,409.8,1
36,-1,274,77,154.4,376.1,1
36,-1,447,189,27.4,79.8,1
36,-1,422,189,20.4,76.7,0.999
36,-1,433,169,25.1,90.8,0.99
36,-1,-10,112,62.4,231.5,0.951
36,-1,507,201,17.8,47.5,0.884
37,-1,270,76,164.1,396.8,1
37,-1,427,186,22.8,80.9,1
37,-1,66,68,148.8,412.2,1
37,-1,452,187,26.8,80.3,0.999
37,-1,440,165,27.1,95.8,0.983
37,-1,-14,121,78.2,209.7,0.963
37,-1,511,201,19.2,46.1,0.731
38,-1,76,56,150.1,430.4,1
38,-1,285,76,169.6,394.4,1
38,-1,458,190,28,82.5,0.999
38,-1,445,173,25.9,95.2,0.993
38,-1,264,184,31.4,79.7,0.992
38,-1,518,205,17.6,45,0.992
38,-1,-14,119,85.7,214.1,0.954
39,-1,64,48,161.4,433.4,1
39,-1,281,66,178.4,410.7,1
39,-1,461,186,28.9,88.1,0.999
39,-1,265,187,27.5,75.8,0.996
39,-1,450,170,25.6,89.9,0.976
39,-1,-11,121,70.6,242.6,0.913
39,-1,516,206,21.9,47.4,0.709
40,-1,282,53,189.1,434.9,1
40,-1,63,48,168.5,441.7,1
40,-1,466,189,30.2,85,0.999
40,-1,266,184,30.6,88.7,0.99
40,-1,-12,118,71.5,224.7,0.934
40,-1,519,209,29.1,67.2,0.801
41,-1,63,48,169.9,447,1
41,-1,287,56,191.4,438.8,1
41,-1,271,183,29.9,85.6,0.999
41,-1,471,190,30,83.9,0.966
41,-1,-12,118,70.5,229,0.905
41,-1,526,204,22.4,64.8,0.653
42,-1,278,48,183.9,447.2,1
42,-1,44,38,179.4,457.5,1
42,-1,463,185,28,89.7,0.865
42,-1,-18,115,75.5,194.5,0.766
42,-1,519,201,22.2,60.4,0.599
42,-1,450,177,28.6,86.8,0.594
43,-1,49,34,169,468.4,1
43,-1,278,52,205.3,448.5,1
43,-1,-13,99,60.2,215.8,0.825
43,-1,503,197,24.8,59.6,0.588
43,-1,504,203,33.8,83,0.444
44,-1,36,38,189.1,475.7,1
44,-1,273,52,218.5,447.6,1
44,-1,-11,108,52.8,205.2,0.602
45,-1,37,20,180,498.6,1
45,-1,281,39,218.1,461.9,1
45,-1,519,200,18.1,47.5,0.959
45,-1,-17,88,63.3,270.4,0.747
45,-1,510,191,27.3,65.5,0.621
46,-1,289,43,201.3,469.5,1
46,-1,23,12,190.6,508,1
46,-1,546,185,44.6,106.9,0.815
46,-1,513,188,35.8,97.7,0.77
46,-1,480,190,29.9,78.6,0.717
46,-1,268,178,39.6,96.6,0.703
46,-1,-20,101,66.4,226.7,0.421
47,-1,272,183,35.8,77.7,1
47,-1,288,35,233.2,480.7,1
47,-1,17,15,209.1,509.8,1
47,-1,524,183,36.3,98.8,0.804
47,-1,555,196,31,86.4,0.725
47,-1,-11,97,51.7,276,0.614
47,-1,511,203,20.9,42.7,0.61
48,-1,293,32,229.8,493.8,1
48,-1,10,10,220.4,521.3,1
48,-1,527,199,28.3,73.2,0.888
48,-1,511,188,28.8,73.3,0.475
49,-1,295,32,225.1,490.8,1
49,-1,-0,5,221.8,525.3,1
49,-1,523,202,23.4,46.5,0.997
49,-1,534,207,23.6,50.2,0.979
49,-1,280,182,28.7,81.4,0.456
50,-1,295,14,240.5,524.4,1
50,-1,11,13,210.7,517.2,1
50,-1,531,203,21.5,43.8,0.928
51,-1,16,9,199.9,529.4,1
51,-1,283,29,255.7,503.2,1
51,-1,534,197,20.3,51.3,0.914
51,-1,540,205,22.1,56.3,0.608
52,-1,119,36,131.3,382.7,1
52,-1,-2,-5,234,545.3,1
52,-1,300,27,231.4,499.1,1
52,-1,534,187,37.2,92,0.8
52,-1,553,182,39,91.9,0.63
52,-1,278,182,25,82.9,0.485
53,-1,8,-6,223.6,545,1
53,-1,292,10,255.5,528.8,1
54,-1,297,13,250.8,527.7,1
54,-1,117,28,133.6,391.4,1
54,-1,4,-2,224.4,543.8,1
54,-1,280,177,27.8,81.6,0.464
55,-1,127,34,128.8,387.3,1
55,-1,302,26,257.7,512.1,1
55,-1,-5,-6,236.4,556.3,1
55,-1,276,187,25,76.2,0.403
56,-1,-4,-6,228.1,580.4,1
56,-1,304,9,258.1,540.7,1
56,-1,250,182,32.7,93,0.558
56,-1,289,177,26.8,80.5,0.543
57,-1,-16,-15,242.9,602.6,1
57,-1,294,6,275.7,536.3,1
57,-1,272,191,17,38,0.657
57,-1,260,191,23.5,52.7,0.569
58,-1,124,28,130.1,403.6,1
58,-1,-12,-10,243.8,584.1,1
58,-1,308,2,258.3,541.3,1
58,-1,281,169,32.1,106.1,0.638
59,-1,-8,-10,243.6,574.8,1
59,-1,318,13,254.9,530.3,1
60,-1,302,-6,286.9,553,1
60,-1,120,14,136.4,419.3,1
60,-1,-13,-19,243.8,607.8,1
61,-1,124,22,133.3,411.3,1
61,-1,307,-5,289.1,560.5,1
61,-1,-13,-15,250.7,598.8,1
62,-1,119,17,140.8,401.1,1
62,-1,-15,-15,245.2,604.3,1
62,-1,312,-12,281.1,576,1
63,-1,123,16,135.2,421.9,1
63,-1,299,-15,298.6,567.5,1
63,-1,-16,-17,243.1,614.6,1
64,-1,130,18,130.6,408.1,1
64,-1,-15,-17,247,614.9,1
64,-1,304,-20,304.9,585.4,1
65,-1,-20,-20,255,625.3,1
65,-1,303,-18,295.7,579.3,1
66,-1,-25,-25,248.1,638.4,1
66,-1,311,-19,278.7,580,1
67,-1,-25,-28,253,639.9,1
67,-1,307,-21,303.4,584.8,1
68,-1,120,15,145.8,412.8,1
68,-1,317,-20,292.6,577.6,1
68,-1,-20,-21,254,621.6,1
69,-1,314,-14,291.3,571.9,1
69,-1,299,177,26.3,84.7,1
69,-1,116,2,142.6,445.4,1
69,-1,-19,-21,252,619,1
70,-1,303,177,28.4,84.2,1
70,-1,322,-26,282.7,586.7,1
70,-1,127,14,137.5,428.3,1
70,-1,-27,-29,268.6,643.4,0.999
70,-1,290,181,22.9,82.2,0.994
71,-1,132,18,137.2,411.7,1
71,-1,-23,-28,250.2,633.8,1
71,-1,291,179,25.5,79,1
71,-1,303,175,28,83.8,1
71,-1,311,-23,295.4,587.7,1
72,-1,309,-15,296.1,567.8,1
72,-1,120,22,138,408.2,1
72,-1,292,180,25.2,81.5,0.999
72,-1,-21,-19,248.2,620.3,0.999
72,-1,271,188,19.6,54.3,0.492
73,-1,315,-18,287.2,565.7,1
73,-1,128,28,138.6,393.3,1
73,-1,296,180,27.1,82.6,1
73,-1,-20,-20,248.3,620.9,0.999
74,-1,135,11,130.7,435.4,1
74,-1,304,181,27.7,83.8,1
74,-1,-22,-25,252.9,628.5,1
74,-1,308,-20,294.1,582.3,1
74,-1,290,177,24.4,84.6,0.899
75,-1,309,-24,286.7,593.6,1
75,-1,-25,-25,263.9,629.9,1
75,-1,293,177,24.9,82.7,0.995
76,-1,145,17,126.4,419.3,1
76,-1,301,180,22.5,80.3,1
76,-1,310,-15,297.5,575.3,1
76,-1,-20,-21,251,619.3,0.999
76,-1,289,182,24.6,81.3,0.474
77,-1,137,16,138.3,420.7,1
77,-1,-20,-24,247.5,625.4,1
77,-1,311,-17,294.8,582.1,1
77,-1,296,176,25.2,86,0.999
78,-1,138,12,132.6,439.7,1
78,-1,299,174,26,91.9,1
78,-1,309,-18,291.4,587.2,1
78,-1,-28,-32,258,646.3,0.999
79,-1,136,17,134.8,421.5,1
79,-1,298,179,24.8,85.3,1
79,-1,310,-18,292.3,582.4,1
79,-1,-21,-21,255.7,619.2,0.999
80,-1,306,-22,294.8,590.6,1
80,-1,132,7,133.5,443.4,1
80,-1,-22,-22,261.8,624.5,0.999
80,-1,291,177,26.1,76.8,0.824
81,-1,137,16,130.2,414.8,1
81,-1,314,-20,284.9,590.4,1
81,-1,-21,-22,248.5,622.2,0.999
81,-1,298,180,24.4,80.3,0.986
82,-1,316,-22,283.5,591.6,1
82,-1,140,13,135.2,429.5,1
82,-1,-22,-22,251.5,623.8,0.999
82,-1,297,178,26.9,82,0.982
83,-1,129,14,141.6,419.3,1
83,-1,309,-18,287.5,589.5,1
83,-1,-26,-29,261,644.5,0.999
83,-1,276,170,35.7,83.5,0.596
84,-1,129,15,135.5,426.7,1
84,-1,315,-20,273.6,588.1,1
84,-1,-23,-22,253,622.4,0.999
84,-1,285,185,30.5,69.8,0.79
85,-1,129,17,138.5,421.2,1
85,-1,-20,-24,256.3,618.9,1
85,-1,307,-20,292.2,595.7,1
85,-1,617,189,25.8,61.9,0.995
86,-1,310,-18,287.1,582.5,1
86,-1,-19,-23,251.7,620.9,1
86,-1,618,190,27.4,61,0.999
86,-1,290,180,27,81.5,0.809
87,-1,125,15,142.2,429,1
87,-1,309,-11,277.9,578.3,1
87,-1,-17,-19,253.7,622.3,0.999
87,-1,619,190,26.5,62.1,0.991
87,-1,293,185,22.9,60.9,0.918
88,-1,-21,-18,255.4,618.1,1
88,-1,313,-19,275.5,587.3,1
88,-1,621,192,24.4,60.2,0.975
88,-1,255,166,34,88.2,0.427
89,-1,111,11,153.4,439.1,1
89,-1,310,-22,275.8,597.4,1
89,-1,-29,-26,263,636.2,0.999
89,-1,286,182,26.4,71.9,0.949
90,-1,108,23,156.2,419,1
90,-1,-25,-21,260.1,625.7,1
90,-1,304,-18,294.2,586.8,1
90,-1,283,179,29.2,76.6,0.913
91,-1,97,28,172.4,407.8,1
91,-1,314,-19,265.1,589,1
91,-1,-23,-18,261.3,606.6,0.998
91,-1,301,178,26,77.3,0.996
92,-1,102,15,170.4,420,1
92,-1,304,-24,289.6,599.7,1
92,-1,-23,-18,255.9,619.8,0.999
92,-1,288,179,23.6,78.8,0.949
92,-1,593,177,46.7,101.2,0.431
93,-1,110,17,165.8,419.6,1
93,-1,-21,-16,254.5,608.2,1
93,-1,298,177,25.3,88.5,1
93,-1,311,-21,283,593.3,1
93,-1,269,189,20.7,68.8,0.969
93,-1,282,180,25.2,83,0.65
94,-1,305,-14,283.1,583.7,1
94,-1,111,25,168.7,415.8,1
94,-1,-18,-16,246.1,604.1,0.999
94,-1,286,181,25.8,78.9,0.997
94,-1,270,187,21.7,59.9,0.466
95,-1,107,20,164.6,414.6,1
95,-1,313,-16,273.3,584.9,1
95,-1,-19,-16,245.5,615.8,0.999
95,-1,300,174,24.6,94.5,0.999
95,-1,287,180,23.7,79.9,0.963
95,-1,266,190,21.6,63.2,0.955
96,-1,314,-22,270.4,597.9,1
96,-1,119,19,159.5,417.7,1
96,-1,297,179,24.3,85.9,1
96,-1,-28,-26,255.3,635,0.999
97,-1,120,14,150.2,420.2,1
97,-1,294,178,24.5,85.3,1
97,-1,315,-17,271.4,584.9,1
97,-1,-24,-21,249.9,629.7,0.999
98,-1,301,178,24.6,83.5,1
98,-1,315,-15,270,576.5,1
98,-1,125,20,151.4,412.7,1
98,-1,-25,-22,259.3,628.5,0.999
98,-1,286,176,25,88.1,0.99
99,-1,314,-18,278,586.9,1
99,-1,124,17,162.5,422.1,1
99,-1,299,177,27.3,90.9,1
99,-1,-26,-25,255.2,633.8,0.999
99,-1,286,173,25,88.4,0.961
100,-1,318,-13,266.6,571.6,1
100,-1,133,18,152,401.5,1
100,-1,297,177,25.9,91.7,1
100,-1,-24,-21,252.4,627.9,0.999
100,-1,285,179,22.2,78.2,0.81
101,-1,129,16,163.3,417.6,1
101,-1,301,177,25.9,88.1,1
101,-1,307,-15,282.9,572.9,1
101,-1,-25,-22,248.7,628.3,0.999
101,-1,288,182,23.8,74.6,0.96
102,-1,132,27,155.1,405.7,1
102,-1,306,-16,286.7,584.4,1
102,-1,289,178,28.8,87.6,0.999
102,-1,-24,-21,251.7,627.2,0.999
103,-1,141,16,150.8,418.9,1
103,-1,315,-17,275.9,590.3,1
103,-1,-24,-23,250.5,632,0.999
103,-1,295,178,33.2,88.4,0.998
104,-1,141,20,147,412.1,1
104,-1,323,-15,267.5,587.6,1
104,-1,299,180,27.7,89.2,1
104,-1,-26,-30,248.8,647.9,0.999
105,-1,140,22,152.8,403,1
105,-1,297,180,27.6,87.4,1
105,-1,307,-10,288.7,569.3,1
105,-1,-26,-30,247.2,646.8,0.999
106,-1,138,25,147.9,416.3,1
106,-1,300,176,29.7,94,1
106,-1,312,-16,283.9,585.4,1
106,-1,-24,-23,243.8,628.1,0.999
106,-1,286,183,26.2,74.6,0.895
107,-1,148,16,147.5,423.9,1
107,-1,324,-16,266.9,588.7,1
107,-1,301,178,26.1,83.2,1
107,-1,-24,-22,258.7,626.7,0.998
107,-1,286,178,26,84.5,0.986
108,-1,138,13,142.3,423.1,1
108,-1,300,176,23.6,90.7,1
108,-1,313,-16,274.5,575,1
108,-1,-21,-23,244.4,628.3,0.999
108,-1,287,178,25.6,80.5,0.955
109,-1,147,15,142.5,416.5,1
109,-1,301,176,27.5,84.9,1
109,-1,325,-22,278.2,593.9,1
109,-1,-23,-24,250.1,630.2,0.999
109,-1,288,184,22.5,78,0.994
110,-1,137,14,145.7,429.2,1
110,-1,301,175,24.4,89.9,1
110,-1,312,-17,290.3,576.7,1
110,-1,-25,-24,255,626,0.999
110,-1,288,180,22.5,79.9,0.959
111,-1,139,22,152,415.5,1
111,-1,317,-18,294,586.5,1
111,-1,300,174,25.9,89.2,1
111,-1,-23,-27,242.6,637.3,0.999
111,-1,286,178,25.2,82.8,0.938
112,-1,131,24,161.4,401.8,1
112,-1,300,178,23.7,89.9,1
112,-1,316,-18,285.8,584,1
112,-1,-26,-25,253.4,628,0.999
112,-1,286,177,24.3,86.7,0.811
113,-1,312,-20,293.6,589.4,1
113,-1,142,21,144.6,417.8,1
113,-1,-26,-26,254.4,630.1,0.999
113,-1,295,176,31.5,91.2,0.999
113,-1,284,190,20.7,63.2,0.659
114,-1,137,15,152.8,407.8,1
114,-1,307,-21,294.4,593,1
114,-1,286,175,34.9,102.4,0.996
114,-1,-28,-30,249.2,628.8,0.991
115,-1,138,16,150.8,418.7,1
115,-1,305,-20,303.4,591.8,1
115,-1,-29,-30,255.6,653.5,0.999
116,-1,144,21,153.8,415.6,1
116,-1,308,-22,299.6,589.7,1
116,-1,-28,-31,250.9,653.1,0.999
117,-1,140,19,147.4,412.1,1
117,-1,290,-20,326.7,600.4,1
117,-1,-29,-29,257.1,646.1,0.999
118,-1,313,-17,282.6,600.1,1
118,-1,139,23,156.3,402.5,1
118,-1,-25,-30,246.9,642.8,0.999
119,-1,143,28,142.7,401,1
119,-1,309,-16,280.8,586.3,1
119,-1,-19,-25,243.5,630.7,0.999
120,-1,147,23,148.4,407.3,1
120,-1,312,-10,277.6,572.2,1
120,-1,-25,-29,262.8,634,0.998
120,-1,289,179,29.1,91.6,0.965
121,-1,310,-12,280.1,580.8,1
121,-1,151,22,146.3,412.8,1
121,-1,-22,-27,265.4,629,0.998
121,-1,291,181,30.8,80.7,0.996
122,-1,141,16,151.2,425.1,1
122,-1,302,-10,297.5,569.3,1
122,-1,-20,-28,258.4,628.7,0.999
123,-1,309,-19,279.1,591.4,1
123,-1,144,21,142.1,411,1
123,-1,-14,-27,258.4,621.5,0.999
123,-1,295,178,24.5,92.4,0.921
124,-1,299,178,25.8,85.9,1
124,-1,143,19,146.7,409,1
124,-1,310,-12,277.3,576.1,1
124,-1,-15,-30,269.2,626.8,0.999
125,-1,146,16,147.8,406.5,1
125,-1,311,-16,276,589.1,1
125,-1,297,177,24.8,92.1,0.999
125,-1,-4,-27,249,613.6,0.999
126,-1,149,13,137.9,424,1
126,-1,297,179,28.3,89.9,1
126,-1,305,-15,285.8,585.7,1
126,-1,-12,-34,268.3,624.2,0.999
127,-1,146,13,144.1,422.3,1
127,-1,298,175,27,95.1,1
127,-1,309,-14,275.5,585.4,1
127,-1,-11,-38,267.3,632.7,0.999
128,-1,151,11,136.2,422.5,1
128,-1,315,-14,270.8,583.9,1
128,-1,300,178,25.9,90.6,1
128,-1,2,-16,254.8,574.2,0.998
129,-1,141,7,142.9,425,1
129,-1,309,-10,285,574.7,1
129,-1,4,-22,259.2,568.8,0.999
129,-1,296,175,24.6,90.8,0.999
130,-1,142,22,147.2,412.7,1
130,-1,299,178,23.3,87.6,1
130,-1,307,-16,282.5,581.7,1
130,-1,2,-19,259.4,565.2,0.999
130,-1,284,189,33.5,83,0.417
131,-1,149,16,139.1,420.4,1
131,-1,307,-15,281.1,574.1,1
131,-1,7,-14,254.2,564.1,0.999
131,-1,289,179,22.4,82.2,0.993
132,-1,150,15,143.8,416.6,1
132,-1,295,176,25.9,88.6,1
132,-1,309,-14,277.1,583.1,1
132,-1,4,-9,243.5,565.6,0.999
133,-1,296,176,24.9,87.7,1
133,-1,151,28,139.8,400.1,1
133,-1,311,-15,271.6,580.6,1
133,-1,-3,-20,253.2,611.3,0.999
134,-1,294,177,26.6,91.3,1
134,-1,141,17,150.3,415.2,1
134,-1,315,-17,264,580.7,1
134,-1,-8,-15,251.8,593.3,0.999
135,-1,141,20,146,416.8,1
135,-1,309,-20,267.5,592.5,1
135,-1,-11,-26,260.4,603.5,0.999
135,-1,296,174,24.6,95.5,0.998
136,-1,-12,-16,249.2,595.7,1
136,-1,296,176,25.2,86.9,1
136,-1,307,-19,267.6,589.3,1
137,-1,-12,-14,240.7,587.9,1
137,-1,312,-24,267.9,598.1,1
137,-1,297,175,25.6,92.2,0.999
138,-1,297,173,27.2,97.7,1
138,-1,148,29,142,408.6,1
138,-1,-6,-13,225.4,587.4,1
138,-1,316,-17,262.1,588.2,1
139,-1,-15,-16,246.4,602.9,1
139,-1,305,-17,276.7,587.6,1
139,-1,292,178,22.8,87.2,0.989
140,-1,139,16,158.4,418.6,1
140,-1,-4,-13,224.5,596.6,1
140,-1,306,-19,274.7,590.9,1
140,-1,294,176,24.4,91.8,0.997
140,-1,582,202,17.1,38.3,0.693
141,-1,148,26,139.4,410,1
141,-1,-11,-11,231.9,590.1,1
141,-1,298,175,24.5,91.6,1
141,-1,306,-19,284.5,595.1,1
142,-1,297,175,22.4,91.5,1
142,-1,146,17,150,420.5,1
142,-1,-19,-11,243.3,591.6,1
142,-1,304,-15,279.8,578.6,1
142,-1,580,202,18.2,40.2,0.987
143,-1,-18,-10,236,591.2,1
143,-1,297,174,25.2,95.9,1
143,-1,146,23,146.3,413.8,1
143,-1,309,-17,279.5,585.5,1
143,-1,581,201,19.2,42,1
144,-1,-16,-11,227,593.7,1
144,-1,139,21,157.8,412.5,1
144,-1,316,-17,275.1,589.4,1
144,-1,298,176,24,90.8,0.999
145,-1,144,16,147.3,421.3,1
145,-1,313,-22,271.8,590.4,1
145,-1,-19,-11,243.2,583.3,0.999
145,-1,297,173,29.2,95.2,0.998
146,-1,145,20,147.8,413.8,1
146,-1,-13,-17,227.5,595.9,1
146,-1,310,-23,294.3,597.5,1
146,-1,295,177,26.6,89.4,0.998
147,-1,136,22,147.5,414.1,1
147,-1,302,177,27.1,85.8,1
147,-1,-14,-11,227.9,588.8,1
147,-1,324,-29,277.3,599.3,1
147,-1,290,187,22,77.7,0.822
148,-1,313,-27,292.7,593.5,1
148,-1,-13,-9,236.7,590.6,1
148,-1,295,183,23.6,82,0.999
149,-1,147,20,136.1,407.3,1
149,-1,316,-37,294.2,612.6,1
149,-1,300,177,24.3,87.1,0.999
149,-1,-21,-17,245.1,608.2,0.999
150,-1,146,16,139.2,421.3,1
150,-1,317,-25,292.7,595.9,0.999
150,-1,-14,-18,238.7,605.6,0.999
150,-1,301,179,27.5,84.3,0.951
151,-1,141,17,144.5,418.5,1
151,-1,306,-36,315.2,603.1,1
151,-1,-16,-12,250.4,585.2,1
152,-1,145,12,147.5,437.6,1
152,-1,-17,-14,248.2,590.3,1
152,-1,302,-24,306.4,590,1
153,-1,-11,-18,246.8,600.6,1
153,-1,309,-32,293.6,607.1,1
154,-1,310,-32,278.1,610.8,1
154,-1,153,17,141.4,416.1,1
154,-1,-15,-17,248.5,595.3,1
154,-1,580,203,17.5,39.7,0.979
155,-1,297,-31,279.5,603.1,1
155,-1,148,16,138.1,415.1,1
155,-1,-18,-18,251.7,599.1,0.999
155,-1,579,202,18.1,38.8,0.995
156,-1,296,-33,291.2,606,1
156,-1,153,17,143.8,426.5,1
156,-1,-16,-16,244.1,596.7,0.999
156,-1,580,202,17.2,37.4,0.98
157,-1,144,24,149,409.4,1
157,-1,294,-28,287.7,598.7,1
157,-1,578,199,18.9,44.2,0.999
157,-1,-18,-17,240.7,598.1,0.999
158,-1,139,12,153.8,432,1
158,-1,293,-40,263.9,605.8,1
158,-1,547,195,21.5,50.7,0.999
158,-1,-19,-16,240.1,599.9,0.999
158,-1,578,202,17.7,39.2,0.998
159,-1,139,22,144.1,416.1,1
159,-1,295,-34,242.7,591.5,1
159,-1,-24,-16,258.2,606.6,0.999
159,-1,575,201,18.2,40.8,0.998
159,-1,548,198,20.4,48.5,0.998
159,-1,529,193,19.6,58.3,0.937
160,-1,148,18,135.8,418.7,1
160,-1,307,-41,206.2,600,1
160,-1,290,178,29.7,84.3,1
160,-1,575,200,19.1,43.5,1
160,-1,523,195,21.3,58.7,0.999
160,-1,-24,-20,249.3,601.3,0.998
160,-1,496,183,35.5,93,0.998
160,-1,545,200,20.6,46.8,0.992
161,-1,522,195,20.3,60.2,1
161,-1,301,-37,213.3,596.5,1
161,-1,144,17,136.2,417.1,1
161,-1,285,177,27.9,89.5,0.998
161,-1,-28,-18,264.8,607,0.997
161,-1,545,197,22.3,50.9,0.997
161,-1,577,203,17.4,39,0.989
161,-1,502,181,33.8,88.8,0.877
162,-1,147,12,145.4,422.7,1
162,-1,302,-42,210.9,597.7,1
162,-1,548,198,19.8,49.3,1
162,-1,524,194,22.7,59.5,0.999
162,-1,-21,-24,248.9,631,0.998
162,-1,577,200,19.2,42.1,0.998
162,-1,501,186,31.1,87.6,0.997
162,-1,288,175,26.8,85.9,0.99
163,-1,294,-40,223.7,599.2,1
163,-1,139,9,153.3,424.4,1
163,-1,546,198,21.9,50.3,1
163,-1,522,192,20.8,64.1,0.998
163,-1,578,205,16.8,35.4,0.993
163,-1,-33,-21,265,621.8,0.992
164,-1,147,8,140,430.5,1
164,-1,546,198,19.2,51.2,1
164,-1,292,-35,223,587.4,1
164,-1,519,186,21.8,68.9,0.999
164,-1,578,203,16.6,39.2,0.997
164,-1,-32,-19,269.5,609.3,0.993
164,-1,502,185,33,84.3,0.9
165,-1,143,10,146.6,434.2,1
165,-1,521,191,22.1,64.5,1
165,-1,302,-44,207,601.2,1
165,-1,546,201,20.2,46.3,1
165,-1,494,183,35.3,91.2,0.999
165,-1,-24,-21,253.8,617.9,0.998
165,-1,288,176,27.9,85,0.997
165,-1,575,204,18.1,36.9,0.984
166,-1,146,7,137.1,435.6,1
166,-1,298,-41,222.8,592.2,1
166,-1,545,198,22.1,50.4,0.999
166,-1,517,188,25.3,67.5,0.998
166,-1,-30,-24,260.5,622.6,0.997
166,-1,574,203,17.9,38.5,0.965
166,-1,283,177,28.1,86.5,0.847
167,-1,137,7,150.7,443.8,1
167,-1,516,188,26.1,67.1,1
167,-1,296,-44,218.2,597.2,1
167,-1,-34,-29,260.6,633.9,0.998
167,-1,497,182,34.8,91.6,0.994
167,-1,545,193,21.9,56.5,0.993
167,-1,575,201,18.1,40.2,0.858
168,-1,143,13,143.2,429.3,1
168,-1,521,192,21.6,65.2,1
168,-1,284,-45,231.7,592.8,1
168,-1,-36,-30,258.3,636.7,0.998
168,-1,545,199,21,47.6,0.997
168,-1,504,185,29,78.6,0.965
169,-1,137,9,145.5,443.5,1
169,-1,296,-50,217.8,602.2,1
169,-1,547,199,20,49,1
169,-1,498,180,33.2,92.3,0.999
169,-1,-37,-29,265.8,635.7,0.998
169,-1,576,194,22.5,46.2,0.432
170,-1,134,12,155.9,435.5,1
170,-1,294,-40,220.1,586.3,1
170,-1,501,185,32.4,87.5,0.999
170,-1,-42,-31,267.9,633.9,0.997
170,-1,549,197,20.9,52.6,0.985
170,-1,571,202,18.2,44.3,0.812
170,-1,278,178,26.2,88.4,0.585
170,-1,585,191,16.2,47.7,0.58
171,-1,141,13,144.4,434.7,1
171,-1,288,-41,220,589.9,1
171,-1,-39,-31,262.5,645,0.973
171,-1,505,189,17.9,51.9,0.419
172,-1,141,14,146.9,433.1,1
172,-1,294,-39,224,591.8,1
172,-1,-35,-34,249.1,634.6,0.974
172,-1,565,199,20.9,53.1,0.793
172,-1,548,197,21.5,47.8,0.489
173,-1,133,13,154.1,433.6,1
173,-1,300,-54,212.6,608,1
173,-1,286,180,25.7,84,0.998
173,-1,-37,-34,260,628.3,0.992
173,-1,568,195,18.9,48.9,0.573
173,-1,578,184,18.8,51.9,0.406
174,-1,142,12,140.2,433.9,1
174,-1,290,-50,219.9,614.1,1
174,-1,-48,-35,274.2,646.9,0.986
174,-1,569,199,20,50,0.943
174,-1,579,184,20.5,55.8,0.707
174,-1,505,179,18.7,54.9,0.459
175,-1,142,5,139.8,447.8,1
175,-1,284,-48,230.8,613.2,1
175,-1,-38,-34,260.6,629.1,0.992
176,-1,287,-51,230.5,617.9,1
176,-1,139,17,142.1,436.2,1
176,-1,-40,-29,271,632.5,0.987
176,-1,512,190,19.8,48.5,0.454
176,-1,570,201,16.8,41.8,0.449
177,-1,140,15,144.8,427.7,1
177,-1,283,-44,229,607.3,1
177,-1,-38,-28,262.7,628.4,0.988
178,-1,544,195,23.8,57.2,1
178,-1,296,-52,216.7,610.4,1
178,-1,136,9,145.7,434,1
178,-1,499,180,31.1,96.7,0.999
178,-1,569,203,16.9,41.2,0.994
178,-1,521,185,23.9,69.2,0.994
178,-1,-39,-36,266.7,629,0.993
178,-1,278,174,31.6,90,0.882
179,-1,140,13,146.2,424.4,1
179,-1,289,-50,217,613.3,1
179,-1,493,184,36.3,92.4,1
179,-1,521,193,21.1,65,1
179,-1,544,197,24,53.2,1
179,-1,570,202,17.5,39.7,0.993
179,-1,-38,-30,264.6,632.8,0.987
180,-1,131,15,157.2,436.5,1
180,-1,498,181,33,91.7,1
180,-1,297,-51,212.9,612.8,1
180,-1,545,195,24.6,55.4,1
180,-1,518,189,27.6,69.7,0.999
180,-1,569,201,17.5,43.6,0.992
180,-1,-38,-41,262.1,653.9,0.984
181,-1,291,-43,214.7,582.6,1
181,-1,141,16,145,417.9,1
181,-1,494,180,36.7,93.8,1
181,-1,545,198,21.4,52.2,0.999
181,-1,569,203,17,39.3,0.994
181,-1,-38,-36,265.8,631,0.993
181,-1,519,192,27.3,68.7,0.988
182,-1,495,182,35.7,92.3,1
182,-1,133,7,153.9,450.2,1
182,-1,302,-41,213.1,592,1
182,-1,546,196,21.7,52.1,1
182,-1,519,191,26.5,68.5,0.999
182,-1,567,202,19.1,43,0.995
182,-1,-37,-35,258.9,630.1,0.994
182,-1,283,176,29.9,86,0.989
183,-1,495,181,36.5,95,1
183,-1,140,15,147.3,421.7,1
183,-1,521,190,26.1,68.2,1
183,-1,306,-41,208.6,588.1,1
183,-1,545,197,22.1,52,1
183,-1,-38,-31,261.3,621.4,0.997
183,-1,566,201,19.3,42.7,0.997
183,-1,282,178,30.7,87.7,0.995
184,-1,134,15,149.3,430.4,1
184,-1,306,-46,204.9,597.8,1
184,-1,524,184,25.5,75.6,0.999
184,-1,494,180,34.9,97.3,0.999
184,-1,567,201,18.4,41.3,0.999
184,-1,290,180,26.9,81.4,0.998
184,-1,547,200,22.5,51.4,0.998
184,-1,-36,-30,262.1,625.4,0.997
185,-1,303,-38,211.9,588.5,1
185,-1,141,16,142,422.7,1
185,-1,546,198,21,49.4,0.999
185,-1,523,188,22,69.3,0.999
185,-1,565,202,18.5,43.2,0.998
185,-1,-37,-31,262.9,630.1,0.997
185,-1,289,178,25.9,87.8,0.993
185,-1,504,181,32.5,84.2,0.656
186,-1,141,8,139.8,439.6,1
186,-1,293,178,27.3,86.2,1
186,-1,496,180,36,97.9,1
186,-1,307,-43,208.2,580.7,1
186,-1,523,191,22.1,67.6,0.999
186,-1,544,196,22.5,57.5,0.999
186,-1,-36,-28,263.2,631.9,0.997
186,-1,566,204,19.1,39.3,0.997
187,-1,496,179,35.3,97.5,1
187,-1,526,189,24.2,66.1,1
187,-1,144,8,139.1,446.6,1
187,-1,303,-45,214.1,596.7,1
187,-1,546,199,22.2,50.8,0.999
187,-1,-37,-30,266.1,632.6,0.997
187,-1,563,202,20.2,44.5,0.997
187,-1,287,175,25.8,88,0.962
188,-1,143,10,148.6,429.6,1
188,-1,309,-44,202.8,592,1
188,-1,293,179,30.1,92.2,1
188,-1,542,195,23.2,55.3,0.999
188,-1,495,179,35.3,97,0.999
188,-1,526,189,23.8,67.1,0.999
188,-1,-36,-29,262.2,630.6,0.997
188,-1,564,200,20.4,44.9,0.995
189,-1,306,-39,216,585.1,1
189,-1,139,13,146.1,426.9,1
189,-1,544,196,23.1,53.4,1
189,-1,525,188,24.2,67.8,0.999
189,-1,-37,-28,263,629,0.997
189,-1,287,179,27.8,88.4,0.996
189,-1,563,200,18.1,43.6,0.995
190,-1,308,-28,213.2,573.2,1
190,-1,565,200,18.8,47.1,1
190,-1,142,13,147.3,429.8,1
190,-1,546,194,23,54.9,0.999
190,-1,525,191,22.7,66.6,0.999
190,-1,-37,-28,263.4,629.1,0.997
190,-1,293,175,27.4,90,0.995
190,-1,536,187,25.5,67.7,0.944
191,-1,494,181,37.3,98.4,1
191,-1,141,10,145.2,434.4,1
191,-1,309,-43,206.4,596.1,1
191,-1,530,189,22.2,66.7,0.998
191,-1,545,191,23.5,56.7,0.998
191,-1,292,174,27.5,91,0.995
191,-1,-38,-39,260.6,634.1,0.989
191,-1,563,197,19,47.5,0.959
192,-1,306,-46,209,592.8,1
192,-1,139,10,151.8,444,1
192,-1,564,202,17,43.4,0.999
192,-1,529,186,23.2,74.2,0.996
192,-1,543,192,24.3,59.7,0.996
192,-1,287,177,29.9,88.7,0.995
192,-1,-42,-25,274.3,627.9,0.993
192,-1,502,179,31.5,98.5,0.947
193,-1,143,3,137.6,438.7,1
193,-1,295,175,29.7,91.1,1
193,-1,493,181,35.2,96.1,1
193,-1,306,-41,214.5,590.2,1
193,-1,543,190,24.2,58.4,0.999
193,-1,527,183,25.7,77.6,0.999
193,-1,-40,-33,270.3,643.7,0.998
193,-1,564,201,18.3,45.3,0.995
194,-1,297,182,28.8,85.2,1
194,-1,494,182,35.2,97.3,1
194,-1,136,13,149.8,433.1,1
194,-1,305,-46,212.4,603.1,1
194,-1,528,188,26.1,74.9,0.998
194,-1,543,191,24.5,59.1,0.997
194,-1,563,201,18.6,47.1,0.996
194,-1,-41,-37,264.6,644.8,0.993
194,-1,281,181,22.1,78.5,0.694
195,-1,135,7,147.4,434.4,1
195,-1,300,-45,215.3,593.1,1
195,-1,541,194,27.3,60.2,0.999
195,-1,-40,-33,263.6,641.6,0.998
195,-1,528,183,28.2,81.1,0.998
195,-1,562,202,18.9,45.3,0.994
195,-1,283,179,23.2,78.8,0.725
196,-1,134,10,151.7,437.1,1
196,-1,311,-42,214.4,591.9,1
196,-1,541,197,24.1,56,0.999
196,-1,290,180,30.8,87.9,0.999
196,-1,531,187,27.1,74.6,0.997
196,-1,-40,-39,256.4,641.5,0.994
196,-1,560,199,20.4,48.5,0.964
197,-1,137,12,145.3,430.5,1
197,-1,306,-43,211.4,600.2,1
197,-1,562,201,18.2,45.4,1
197,-1,541,196,23.9,55.7,0.999
197,-1,528,183,28.2,79.7,0.999
197,-1,-33,-33,254.4,641.1,0.998
197,-1,289,177,29.3,86.8,0.996
197,-1,502,174,31.6,101.8,0.977
198,-1,301,-43,214.8,591.5,1
198,-1,130,12,150.5,445.3,1
198,-1,528,187,27.9,75.6,0.999
198,-1,-37,-33,257.1,634.3,0.997
198,-1,545,192,25.7,59.9,0.995
198,-1,562,202,19.6,46.6,0.974
198,-1,503,176,30.5,98.2,0.967
198,-1,281,171,35.8,95.8,0.954
199,-1,119,9,166.2,435.3,1
199,-1,529,183,28.7,82.3,1
199,-1,494,180,35.6,95.4,1
199,-1,298,-43,214.3,598.1,1
199,-1,560,201,18.7,46.3,0.999
199,-1,-37,-34,252.9,633.8,0.997
200,-1,530,184,28.8,82,1
200,-1,558,197,18.7,50.6,1
200,-1,122,3,149.4,446.9,1
200,-1,307,-36,212.6,581.7,1
200,-1,292,180,26.3,83.5,0.998
200,-1,-40,-34,253.8,640.4,0.995
201,-1,123,7,155.3,455.2,1
201,-1,492,182,35.1,95.8,1
201,-1,306,-35,207.5,584,1
201,-1,530,181,28.1,82.8,0.999
201,-1,288,181,26.9,85.4,0.997
201,-1,-40,-31,259.8,635.3,0.996
201,-1,557,202,18.9,44.6,0.99
202,-1,119,10,150.7,449.5,1
202,-1,528,184,28.8,80.8,1
202,-1,492,181,31,94.2,1
202,-1,307,-35,212.4,582.4,1
202,-1,557,200,18.9,47.9,0.999
202,-1,-39,-35,263,641.4,0.995
202,-1,290,182,27.1,88.3,0.99
203,-1,108,10,159.3,440.1,1
203,-1,558,203,17.8,45.3,1
203,-1,530,184,25.9,82.7,1
203,-1,297,-40,211.9,595.6,1
203,-1,495,180,33.2,97.9,0.996
203,-1,-31,-35,257,642.5,0.993
203,-1,285,183,23.5,79.6,0.86
204,-1,107,9,156.5,440.5,1
204,-1,556,203,18.3,46.8,1
204,-1,295,-27,223.4,580.4,1
204,-1,530,186,26.7,78.3,0.999
204,-1,-33,-31,249,640.2,0.991
205,-1,523,187,27.1,76.3,1
205,-1,106,17,148.2,424.3,1
205,-1,492,181,33.2,97.7,1
205,-1,302,-25,207.5,570.3,1
205,-1,554,201,19.9,48.5,0.999
205,-1,539,197,23.5,58.3,0.993
205,-1,-44,-40,266.6,661.7,0.992
205,-1,289,179,24.1,80.9,0.688
206,-1,107,13,146.6,428,1
206,-1,493,180,32.6,96,1
206,-1,291,-45,215.9,600.5,1
206,-1,523,185,27,83,0.999
206,-1,541,195,22.6,56.1,0.99
206,-1,-46,-42,271.3,654.8,0.983
206,-1,556,202,19.5,48.5,0.916
207,-1,489,179,35.6,97.6,1
207,-1,110,19,148.2,409.1,1
207,-1,295,-38,215.9,598,1
207,-1,523,185,27.7,80.2,0.999
207,-1,539,191,25.6,62.9,0.997
207,-1,-51,-46,272.5,672.4,0.992
208,-1,488,182,34.2,98.1,1
208,-1,119,27,141.7,394.6,1
208,-1,285,-47,225.2,611.5,1
208,-1,519,182,29.4,87.7,0.999
208,-1,536,193,26,59.1,0.998
208,-1,-49,-49,265,672.3,0.991
209,-1,491,183,32.3,94.1,1
209,-1,116,47,132.8,364.4,1
209,-1,291,-36,216.7,591.5,1
209,-1,519,185,29.3,83.9,0.999
209,-1,539,194,26,59.8,0.999
209,-1,-51,-52,268.7,679.8,0.983
210,-1,296,-42,223.2,604.2,1
210,-1,129,48,138.8,370.1,1
210,-1,537,192,22.9,58.5,0.999
210,-1,523,180,26.1,90.7,0.998
210,-1,-34,-50,231.9,659.5,0.941
211,-1,124,44,146.2,370.1,1
211,-1,489,179,35.3,98.2,1
211,-1,282,-37,236.8,594.2,1
211,-1,540,196,25,57.7,0.999
211,-1,520,182,28.1,86.7,0.995
211,-1,-49,-60,263.7,696.2,0.988
212,-1,133,42,136.2,381.5,1
212,-1,489,182,33.5,98.7,1
212,-1,285,-38,232.3,604.1,1
212,-1,533,193,23.5,59.6,0.997
212,-1,521,187,25.5,81.2,0.996
212,-1,-33,-54,228.3,671.3,0.962
213,-1,133,47,146.4,378.4,1
213,-1,271,-35,242.7,595,1
213,-1,518,182,27,83.3,0.998
213,-1,533,193,25.7,59.1,0.996
213,-1,-40,-53,236.6,677.1,0.958
214,-1,150,52,135.8,356.2,1
214,-1,284,-36,219.8,598.5,1
214,-1,490,181,31.7,97.5,0.998
214,-1,519,183,26.8,85,0.994
214,-1,536,197,24.2,59.8,0.982
214,-1,-46,-55,235.8,671.9,0.958
215,-1,281,-41,229.8,614.3,1
215,-1,148,54,130,359.7,1
215,-1,518,182,28.5,88.2,0.996
215,-1,537,192,22.8,59.2,0.994
215,-1,-42,-48,239.4,661.5,0.959
216,-1,166,63,120.4,345.5,1
216,-1,276,-34,230.2,604.8,1
216,-1,534,197,23.1,57,0.998
216,-1,519,188,26.6,77.2,0.997
216,-1,-36,-51,219.9,665.2,0.978
217,-1,488,183,30.8,95.4,1
217,-1,285,-31,217.7,604.5,1
217,-1,166,62,125.1,346,1
217,-1,533,196,26.9,59.2,0.998
217,-1,517,178,29.7,92.2,0.995
217,-1,-45,-57,233.5,670.4,0.976
218,-1,282,-31,216.6,610.7,1
218,-1,168,68,122.3,333.5,1
218,-1,483,178,34.2,99.3,0.999
218,-1,512,183,31.3,85,0.997
218,-1,534,194,24,57,0.997
218,-1,-44,-58,227.1,673.7,0.968
219,-1,176,78,116,324.6,1
219,-1,280,-17,215.9,587.5,1
219,-1,481,180,33.7,98.2,1
219,-1,511,178,34.8,92.9,0.999
219,-1,534,193,26,58.4,0.997
219,-1,-48,-53,242.5,671,0.978
220,-1,288,14,203.7,541.9,1
220,-1,507,181,29.2,90.7,1
220,-1,185,90,112.3,306.5,1
220,-1,479,181,35.3,99.9,0.999
220,-1,533,191,28.4,65.9,0.998
220,-1,-43,-54,233.8,664.3,0.975
221,-1,192,79,107.1,314.3,1
221,-1,480,183,35.1,95.2,1
221,-1,289,11,202.9,547.1,1
221,-1,508,183,33.7,87.8,1
221,-1,533,197,28.1,61.6,0.994
221,-1,-48,-49,249.5,660.6,0.993
222,-1,290,24,207.6,525.5,1
222,-1,192,89,106.6,299.8,1
222,-1,505,185,31.6,84.3,1
222,-1,539,192,26.8,61,0.999
222,-1,481,181,35.1,102.5,0.997
222,-1,-43,-33,264.8,632.5,0.991
223,-1,299,11,191.9,550.6,1
223,-1,507,188,29.6,80.2,1
223,-1,206,96,102,271.5,1
223,-1,-36,-20,265.1,603,0.998
223,-1,538,199,25.1,59,0.997
223,-1,485,181,31.9,96.5,0.993
224,-1,483,179,33.9,104.1,1
224,-1,302,23,191,529,1
224,-1,203,89,107,281,1
224,-1,-31,-25,261.2,620.1,0.999
224,-1,537,195,25.9,62.7,0.998
224,-1,504,184,32.9,89.7,0.997
225,-1,-22,-15,254.3,600,1
225,-1,298,24,193.1,529.1,1
225,-1,484,181,33.3,99.3,1
225,-1,217,105,92.8,262.9,1
225,-1,536,196,26.6,62.6,0.999
225,-1,506,185,30.3,86.9,0.999
226,-1,222,106,89,254.1,1
226,-1,484,181,35.3,100.8,1
226,-1,303,28,181.6,501.4,1
226,-1,-32,-24,264.7,620.1,0.999
226,-1,539,196,26.3,62.1,0.999
226,-1,506,182,29.6,89.2,0.997
227,-1,481,184,34.4,99.2,1
227,-1,226,111,83.7,246.6,1
227,-1,307,34,176.5,486.4,1
227,-1,506,189,30.4,90.1,0.999
227,-1,538,197,26.1,62.2,0.998
227,-1,-24,-28,252.5,631.6,0.998
228,-1,314,49,167.8,444.9,1
228,-1,228,112,96.2,246.6,1
228,-1,478,183,36.8,103.4,1
228,-1,540,196,24.7,62.2,0.999
228,-1,-22,-24,251.8,614.5,0.999
228,-1,506,187,28,81.8,0.994
229,-1,320,59,156,448.7,1
229,-1,243,112,81.6,234.9,1
229,-1,-14,-9,252.2,584.8,1
229,-1,485,181,34.7,100.6,1
229,-1,543,192,29.1,69.8,0.997
229,-1,508,183,29.6,89.4,0.996
230,-1,237,110,86.9,227.2,1
230,-1,317,62,152.1,445.2,1
230,-1,-12,-8,238.6,561.2,1
230,-1,487,182,33,100.6,1
230,-1,546,200,24.6,62,0.999
230,-1,506,183,32.4,94.3,0.997
230,-1,447,166,47.3,133.2,0.996
231,-1,486,181,32,103.6,1
231,-1,317,63,143.2,431.6,1
231,-1,247,108,80.2,230.3,1
231,-1,-12,-12,232,597.8,0.999
231,-1,447,166,47.2,133.1,0.999
231,-1,509,178,33,103.8,0.999
231,-1,549,195,25.2,66,0.997
232,-1,324,62,135.1,436.6,1
232,-1,250,114,92.7,233.6,1
232,-1,-10,2,233,554.5,1
232,-1,452,165,48.2,127.9,0.999
232,-1,508,185,33.3,97.5,0.998
232,-1,487,182,36.3,106.6,0.998
232,-1,555,200,25.2,58,0.996
233,-1,333,62,139.3,437.5,1
233,-1,260,118,81.9,230,1
233,-1,-11,-2,240,559.8,1
233,-1,559,196,26.2,66.2,0.999
233,-1,514,179,32.1,101.8,0.998
233,-1,492,180,35.7,110,0.994
233,-1,462,160,42.6,123.7,0.921
233,-1,237,174,38.3,108.1,0.812
234,-1,-7,-4,225.7,573.7,1
234,-1,266,120,80.4,216.6,1
234,-1,333,61,153,432.1,1
234,-1,566,195,25.2,67.6,0.999
234,-1,516,186,35.7,92.7,0.99
234,-1,472,158,45.7,129.7,0.95
234,-1,240,174,35.4,108.8,0.622
235,-1,347,62,149.8,427.9,1
235,-1,270,113,85.1,223.7,1
235,-1,570,191,30.9,74.2,1
235,-1,0,7,233.5,539.6,1
235,-1,517,181,40.5,103.1,0.998
235,-1,485,164,41.9,122.4,0.959
235,-1,240,170,44.9,103.9,0.79
236,-1,349,73,153.9,389.4,1
236,-1,277,116,78.3,215.3,1
236,-1,-3,-0,239.1,538.3,1
236,-1,574,193,29.3,69.1,0.999
236,-1,520,178,42.2,102.3,0.999
236,-1,488,169,41.7,121.6,0.955
236,-1,243,162,42.9,106.8,0.921
237,-1,288,125,71.5,205.3,1
237,-1,3,2,237.4,543.4,1
237,-1,368,75,143.5,399.5,1
237,-1,583,190,33,76.8,0.998
237,-1,265,167,31.2,97,0.982
237,-1,531,175,39,104.5,0.977
237,-1,491,168,44.2,124,0.907
237,-1,238,170,38.4,107.8,0.76
237,-1,353,179,29,84.7,0.528
238,-1,11,2,247.7,538.7,1
238,-1,382,83,145,397.7,1
238,-1,294,120,68.5,205.4,1
238,-1,584,191,34.3,74.7,0.998
238,-1,266,162,37.6,110.1,0.981
238,-1,358,183,28.9,79.3,0.928
238,-1,530,182,38.5,102.2,0.913
238,-1,508,173,45.2,111.7,0.706
238,-1,246,170,39,99.5,0.504
239,-1,295,120,86.9,203.1,1
239,-1,391,76,149.1,394.7,1
239,-1,12,7,240.6,540.8,1
239,-1,593,188,29.5,76.4,0.997
239,-1,241,174,33.5,100.5,0.933
240,-1,44,6,226.9,532,1
240,-1,309,134,70.9,185,1
240,-1,396,85,159.3,382.2,1
240,-1,597,188,29.5,72.1,0.997
241,-1,403,86,149.8,382.7,1
241,-1,306,129,80.1,188,1
241,-1,45,3,229.6,531.3,1
241,-1,595,184,31.4,77.7,0.849
242,-1,424,88,131.9,371,1
242,-1,44,-4,234.7,530.6,1
242,-1,311,119,65.5,195.6,1
242,-1,393,180,29.2,80.7,0.999
242,-1,591,187,26.9,68.3,0.89
242,-1,533,190,49.7,121.8,0.667
242,-1,588,184,37.6,99.8,0.429
243,-1,423,83,141.3,382,1
243,-1,310,116,66.4,195.9,1
243,-1,56,0,230.9,525.7,1
243,-1,393,174,28.7,85.3,0.996
244,-1,432,92,131.6,374.4,1
244,-1,52,-1,230.4,529.8,1
244,-1,308,129,71,192.7,1
244,-1,392,172,28.5,94.2,0.995
244,-1,8,164,65.4,84.7,0.958
245,-1,310,120,78.1,200.5,1
245,-1,428,85,133.4,366.7,1
245,-1,63,4,228.9,510.3,1
245,-1,390,175,31.1,88.3,0.999
245,-1,6,177,43.5,80.6,0.907
245,-1,531,126,69.7,200.3,0.869
246,-1,68,-1,214,505.8,1
246,-1,439,84,134,372.3,1
246,-1,309,122,75.3,200.1,1
246,-1,389,167,30.5,95.6,0.999
246,-1,417,169,35,113.4,0.994
246,-1,540,108,73.8,211.5,0.849
246,-1,-4,161,38.7,93.9,0.538
247,-1,315,121,68.4,196,1
247,-1,65,9,227.6,504.3,1
247,-1,442,80,128.9,373.2,1
247,-1,410,168,36.7,110.1,0.999
247,-1,388,170,28.9,93.5,0.996
247,-1,290,163,38,109.9,0.676
247,-1,533,123,80.7,206.5,0.663
247,-1,541,16,126,430.4,0.449
248,-1,308,119,72.6,193.9,1
248,-1,76,13,222,493.6,1
248,-1,446,87,138.8,364.9,1
248,-1,408,166,35.3,114.7,0.999
248,-1,387,172,28.4,90.9,0.99
249,-1,98,-3,203.6,516.8,1
249,-1,458,94,134.7,350,1
249,-1,318,122,61.2,196.6,1
249,-1,407,169,43,114.3,0.997
249,-1,386,172,32.8,97,0.993
249,-1,79,172,34.8,86.9,0.98
249,-1,293,188,22.1,64.3,0.726
249,-1,558,145,74.5,197.6,0.466
250,-1,467,87,141.3,353.3,1
250,-1,103,6,198.1,496.4,1
250,-1,325,119,64.8,190.8,1
250,-1,411,168,42,122.2,0.999
250,-1,75,168,40.2,98,0.996
250,-1,392,175,32.1,91.5,0.973
251,-1,112,4,201,506.1,1
251,-1,321,127,64.1,184.9,1
251,-1,485,86,135.2,345.8,0.999
251,-1,71,174,42.8,90.9,0.999
251,-1,415,166,40.5,115.3,0.998
251,-1,391,173,32.4,90.3,0.964
252,-1,327,134,64.9,180.9,1
252,-1,123,16,186.3,497.2,1
252,-1,66,176,53.2,95.7,1
252,-1,417,172,43.5,121.1,0.997
252,-1,493,88,129.6,367.1,0.997
252,-1,461,148,62.4,180.6,0.994
252,-1,397,174,34.3,100.4,0.982
253,-1,132,28,193,485.9,1
253,-1,68,177,47.4,97.9,1
253,-1,335,139,65.1,177,1
253,-1,460,152,56.9,164.5,0.999
253,-1,421,180,38.5,117,0.998
253,-1,509,92,138.8,365.4,0.997
253,-1,400,174,34.8,99.7,0.954
254,-1,132,30,206.9,487.8,1
254,-1,334,133,64.6,180,1
254,-1,59,177,46.3,100.6,1
254,-1,452,147,59,184,0.998
254,-1,515,80,125.5,382.7,0.997
254,-1,418,173,42.1,124.7,0.997
254,-1,403,171,31,98.7,0.694
255,-1,342,136,66.1,178.7,1
255,-1,146,37,208.5,488.8,1
255,-1,449,137,68.5,192.7,1
255,-1,58,181,40.4,95.6,1
255,-1,421,174,35.9,125,0.998
255,-1,112,145,57.6,165.9,0.996
255,-1,534,89,117.7,371.6,0.994
255,-1,503,157,47.3,152.4,0.979
255,-1,402,178,29.2,100,0.471
256,-1,145,31,208.5,491.7,1
256,-1,428,132,80.1,204.4,1
256,-1,335,137,74,184.4,0.999
256,-1,85,141,64.6,166.9,0.999
256,-1,497,145,48,164,0.996
256,-1,40,181,48.5,97.2,0.995
256,-1,392,173,38.3,104.6,0.964
256,-1,525,45,154.4,461.7,0.895
257,-1,430,136,80.1,208.4,1
257,-1,154,31,202.6,490.5,1
257,-1,344,134,61.9,182.3,0.999
257,-1,76,133,62.4,175,0.999
257,-1,486,153,59.2,164.7,0.998
257,-1,23,179,50,103.6,0.992
257,-1,524,49,149.2,454.5,0.935
257,-1,396,170,34.5,107.9,0.411
258,-1,142,21,215.9,497.5,1
258,-1,420,134,74.5,204.6,1
258,-1,343,136,59.6,174.1,0.999
258,-1,41,129,81.1,194.7,0.999
258,-1,488,150,59.8,165.9,0.998
258,-1,515,50,155.3,437,0.982
258,-1,1,180,52.3,107.8,0.958
259,-1,146,15,224.1,501.7,1
259,-1,404,125,71,218.9,0.999
259,-1,485,154,62.2,164.5,0.999
259,-1,28,140,90.8,183.2,0.998
259,-1,511,56,151.7,423.7,0.985
259,-1,338,134,67,176.7,0.957
260,-1,133,24,206.2,482.4,1
260,-1,385,131,75.2,214.8,1
260,-1,327,138,60.2,183.1,0.999
260,-1,476,153,59.8,169.3,0.999
260,-1,-0,127,106.4,201.1,0.991
260,-1,505,27,166,475.2,0.979
261,-1,322,146,65.6,172.7,1
261,-1,363,124,96.5,237.4,1
261,-1,124,30,210.5,484.1,1
261,-1,471,148,65.2,186,0.995
261,-1,493,1,182.8,514.6,0.983
261,-1,-10,121,74.1,215.2,0.98
262,-1,111,28,213.4,497.4,1
262,-1,337,130,97.3,248.5,0.999
262,-1,465,160,60.9,175,0.992
262,-1,471,-7,206.4,534.1,0.984
263,-1,86,14,231.4,513.7,1
263,-1,324,126,91.6,251.4,1
263,-1,452,155,73,181.4,0.97
263,-1,466,-36,217.4,578.2,0.955
264,-1,324,120,79.9,265.3,1
264,-1,80,8,230.8,524.3,1
264,-1,380,169,58,156.5,0.997
264,-1,450,136,86.5,192.2,0.974
264,-1,456,-51,227.9,606.6,0.967
265,-1,82,17,210.7,500,1
265,-1,290,120,89.7,269.5,0.999
265,-1,375,157,54.7,165.6,0.999
265,-1,441,146,75.4,183.1,0.947
265,-1,438,-58,245.9,620.5,0.939
266,-1,68,14,229.3,514.2,1
266,-1,369,149,57.5,166.2,0.999
266,-1,265,104,85,294.3,0.998
266,-1,329,144,50.1,162.6,0.993
266,-1,429,-61,256.4,616.3,0.96
267,-1,53,-3,246.7,521.9,1
267,-1,316,144,55.4,160.9,0.999
267,-1,361,143,57.7,168.6,0.999
267,-1,430,145,73,183.8,0.99
267,-1,427,-72,255.3,620.5,0.977
268,-1,61,-5,244.3,532.2,1
268,-1,353,141,63.4,171.2,0.999
268,-1,306,135,68.3,173,0.999
268,-1,429,131,75.4,192.2,0.97
268,-1,419,-74,261.6,613.6,0.97
269,-1,306,135,65.4,163.8,1
269,-1,58,-6,240,534.8,1
269,-1,348,138,55.2,164.3,0.999
269,-1,414,-79,268,616.8,0.969
270,-1,53,-38,235.8,537.3,1
270,-1,306,115,54,155.4,0.999
270,-1,336,120,55.7,166.4,0.997
270,-1,409,-95,267.7,635.5,0.99
270,-1,386,145,30.6,101.9,0.956
270,-1,268,129,46.8,122.6,0.705
271,-1,47,-79,243.1,593.1,1
271,-1,326,84,62.3,192.4,0.999
271,-1,410,-113,261.1,656.8,0.994
271,-1,388,130,31.9,94.5,0.891
271,-1,304,104,41.3,134.1,0.487
272,-1,29,-83,263.7,538.5,1
272,-1,312,48,67.3,194.9,0.999
272,-1,394,-139,265.6,671.2,0.985
272,-1,281,79,38.5,118,0.937
273,-1,38,-84,235.2,536.7,0.999
273,-1,309,43,66,187.6,0.999
273,-1,257,72,49.3,136,0.995
273,-1,396,-112,239.5,632.8,0.994
273,-1,375,83,37,101.6,0.912
274,-1,300,57,66,200.2,0.999
274,-1,25,-88,250.4,586.6,0.999
274,-1,401,-118,252.8,650.3,0.996
274,-1,257,85,55.8,140.3,0.995
274,-1,376,97,34,96.5,0.994
275,-1,36,-54,232.8,552.4,1
275,-1,300,72,63.1,203.3,0.999
275,-1,389,-118,258.2,664.5,0.998
275,-1,264,112,42,124.8,0.996
275,-1,371,119,34.8,95.7,0.958
276,-1,47,-2,217.2,507.9,1
276,-1,394,-92,251.1,636.8,0.999
276,-1,295,100,64.1,195,0.999
276,-1,264,129,45.7,130.3,0.984
276,-1,373,149,32.5,91.5,0.966
277,-1,42,5,213,501.7,1
277,-1,388,-97,263.4,649.9,0.998
277,-1,287,111,68.8,213.4,0.997
277,-1,242,145,40.3,128.8,0.994
277,-1,267,131,36.4,146.7,0.543
278,-1,12,5,226.5,510,1
278,-1,266,106,77.8,217.5,1
278,-1,386,-101,246.7,659.3,0.999
278,-1,235,146,36.2,128.9,0.906
278,-1,368,167,31.7,83.9,0.41
279,-1,-3,38,227.9,485.5,1
279,-1,366,-92,243.4,642.1,0.999
279,-1,253,126,74.6,227.1,0.999
279,-1,305,152,59.4,143.7,0.998
279,-1,562,69,110.8,316.5,0.714
279,-1,211,163,46.3,133.1,0.689
280,-1,-14,27,205.2,506.8,1
280,-1,356,-79,239.9,616,1
280,-1,166,140,78.5,205.3,1
280,-1,222,124,79.6,235.7,0.999
280,-1,291,150,56.8,150.8,0.999
280,-1,545,60,113.1,335.5,0.996
281,-1,261,139,54.7,149.4,1
281,-1,187,108,86.5,240.7,0.999
281,-1,318,-111,263.5,670.6,0.999
281,-1,133,133,78.5,197,0.999
281,-1,-31,3,182.9,530.2,0.998
281,-1,527,73,113,290.9,0.503
282,-1,152,114,92.9,254.7,1
282,-1,260,152,42.7,135.5,0.999
282,-1,314,-97,252.4,650.4,0.998
282,-1,121,142,58.3,166,0.988
282,-1,-26,10,145.6,503.5,0.979
283,-1,265,156,47.3,151.2,0.999
283,-1,143,118,87.3,257.4,0.999
283,-1,324,-98,287.9,663.3,0.998
283,-1,104,161,50.2,154.8,0.996
283,-1,-23,28,145.6,490.4,0.995
284,-1,146,107,94.6,281.7,1
284,-1,275,157,51.2,148.1,0.999
284,-1,-18,20,142.3,494.9,0.998
284,-1,352,-99,283,670.4,0.998
284,-1,109,168,48,136.9,0.994
284,-1,225,173,39.1,119.1,0.989
284,-1,307,82,87.2,285.6,0.45
285,-1,155,107,91.7,277.3,1
285,-1,-28,25,171.4,489.9,0.999
285,-1,287,164,43.3,138.2,0.998
285,-1,384,-80,280.7,633.6,0.997
285,-1,239,174,44.9,121,0.995
285,-1,321,68,95.2,316.3,0.949
286,-1,166,109,92.8,294.9,1
286,-1,-22,20,164.8,507.7,0.999
286,-1,250,172,45.1,130.3,0.998
286,-1,122,164,53,143.6,0.998
286,-1,302,159,49.3,153,0.997
286,-1,423,-89,269.5,661.4,0.974
286,-1,325,72,79.8,265.4,0.945
286,-1,341,55,112.5,356.3,0.898
287,-1,160,104,103.3,291.4,1
287,-1,-30,29,181.5,507.2,0.998
287,-1,262,173,43.5,131.3,0.998
287,-1,129,173,51.9,144.6,0.992
287,-1,311,163,47.9,143.4,0.985
287,-1,335,77,89.8,295.1,0.975
287,-1,358,61,128.2,374.8,0.933
287,-1,454,-64,228.6,604.3,0.882
288,-1,170,99,105.8,310.7,0.999
288,-1,-25,42,168,468.3,0.999
288,-1,126,165,56.7,161.1,0.998
288,-1,281,169,43.5,132.3,0.991
288,-1,327,161,44.2,134.3,0.98
288,-1,256,167,44.9,138,0.973
288,-1,344,72,79.5,292.2,0.956
288,-1,359,18,152.1,456,0.858
288,-1,500,-16,180.7,511.3,0.44
289,-1,185,101,93.7,323,1
289,-1,-19,49,182.3,453.9,0.999
289,-1,260,164,57.8,176.5,0.994
289,-1,360,55,100.1,325.4,0.994
289,-1,133,164,63.2,174.7,0.945
289,-1,421,44,144.8,430.2,0.867
290,-1,199,97,99,330.2,1
290,-1,-12,58,182.4,443.4,1
290,-1,145,155,54.9,181.3,0.999
290,-1,282,162,58.1,164.7,0.997
290,-1,383,60,103.4,330.5,0.995
290,-1,434,31,160.9,473,0.985
290,-1,360,170,41.6,130.2,0.95
291,-1,204,86,114.1,340.8,1
291,-1,-2,54,190.8,450.6,1
291,-1,295,157,65.9,181.6,0.999
291,-1,390,56,110.1,342.5,0.998
291,-1,472,9,149.9,521.5,0.973
291,-1,162,166,55.9,153.9,0.436
292,-1,321,158,61.2,183.4,1
292,-1,219,91,117.6,364.1,1
292,-1,1,53,197.6,454.9,1
292,-1,395,171,46.1,124.9,0.988
292,-1,416,35,116.1,370.8,0.98
292,-1,513,-7,146.2,529.1,0.822
293,-1,12,37,181.7,462.7,1
293,-1,226,67,122.5,377.3,1
293,-1,334,159,63.9,179.9,1
293,-1,430,32,125.8,390.6,0.993
293,-1,403,156,49.7,144.5,0.985
293,-1,201,200,31.1,95.4,0.984
293,-1,160,165,70.6,168.3,0.961
294,-1,345,165,71.3,177.9,1
294,-1,232,65,129.1,401.9,1
294,-1,14,44,195.9,468.7,1
294,-1,433,22,135.1,406.5,0.993
294,-1,203,191,41.4,114.6,0.974
295,-1,365,161,61.5,174.8,1
295,-1,27,45,191.7,459,1
295,-1,240,52,126.6,409.3,1
295,-1,213,194,41.8,113,0.996
295,-1,437,166,45.3,135.6,0.995
295,-1,445,11,133.9,425.2,0.984
295,-1,415,208,26.9,65.3,0.47
296,-1,376,157,69.4,184.6,1
296,-1,245,44,132.2,440.6,1
296,-1,32,48,200.8,447.8,1
296,-1,218,193,43.9,115.3,0.995
296,-1,446,149,46.9,153.2,0.987
296,-1,464,-4,133.8,462.7,0.949
297,-1,238,27,137.7,461.9,1
297,-1,387,149,74.8,188.8,1
297,-1,36,48,195.1,454.2,1
297,-1,-4,123,77.3,205.7,0.99
297,-1,216,199,41.2,113.5,0.983
297,-1,458,152,49.3,151.5,0.98
297,-1,467,6,138.5,468.6,0.957
297,-1,364,197,35.7,99.3,0.557
298,-1,55,49,189.8,458.3,1
298,-1,223,20,157,489.2,1
298,-1,399,167,79.9,167.7,0.999
298,-1,465,158,47.4,153.3,0.99
298,-1,462,-27,188.8,518.7,0.989
298,-1,-14,129,81.2,190.4,0.969
299,-1,72,54,179.4,441.4,1
299,-1,224,6,162.3,518.1,0.999
299,-1,411,165,81.9,173.9,0.999
299,-1,387,180,42,125.1,0.987
299,-1,479,-34,178.5,533.2,0.974
299,-1,-15,114,73.1,232.3,0.868
300,-1,77,53,184.8,439.5,1
300,-1,188,2,185.7,502.7,0.999
300,-1,415,160,91.2,172.5,0.999
300,-1,362,163,53.5,146.9,0.997
300,-1,-11,128,67.1,209.1,0.961
300,-1,490,-45,162.4,549.4,0.839
301,-1,84,48,176.8,441.9,1
301,-1,431,160,74.7,174.5,1
301,-1,360,164,59.9,143.4,0.999
301,-1,168,-19,192.9,526.4,0.997
301,-1,402,181,40.4,119.1,0.994
301,-1,-4,145,66.5,181.4,0.984
301,-1,495,-64,166.9,568.3,0.5
302,-1,448,168,59,163.4,1
302,-1,363,169,57.3,144,0.999
302,-1,319,194,50,115.9,0.998
302,-1,144,-41,210.5,575,0.997
302,-1,403,179,38,114.9,0.994
302,-1,-1,142,62,162.8,0.971
302,-1,71,100,92.5,273,0.969
302,-1,64,64,149.5,359.3,0.816
303,-1,453,158,63.9,176,1
303,-1,333,191,42.7,126,0.999
303,-1,374,167,51.5,144.8,0.999
303,-1,120,-42,215.8,581.5,0.997
303,-1,13,147,57.9,156.8,0.994
303,-1,42,94,109.1,290.6,0.991
303,-1,409,176,38.7,115.1,0.872
304,-1,459,155,64.6,176.1,1
304,-1,330,191,56.5,120.1,0.999
304,-1,276,151,79.8,163.7,0.999
304,-1,94,-52,209.1,612.8,0.998
304,-1,377,160,51.1,142.1,0.998
304,-1,16,104,103.7,273.2,0.992
304,-1,521,115,72.7,253.6,0.803
304,-1,446,210,21,57,0.679
305,-1,467,163,62.6,167.7,1
305,-1,296,158,64.7,151.7,0.998
305,-1,382,160,47.2,142.5,0.998
305,-1,333,194,58,119.2,0.995
305,-1,71,-57,211.3,614.2,0.991
305,-1,263,156,59.2,155,0.988
305,-1,-8,89,120.9,300.1,0.987
305,-1,522,137,77.8,250.4,0.985
305,-1,446,210,22.4,60,0.895
306,-1,467,166,61.1,163.6,1
306,-1,300,154,62.5,165.6,0.999
306,-1,382,157,59.3,157.1,0.999
306,-1,258,162,57.2,146.9,0.997
306,-1,523,136,76,246.5,0.995
306,-1,30,-47,247.5,613.5,0.993
306,-1,340,193,52.3,119.1,0.989
307,-1,473,164,69.2,170.4,0.999
307,-1,382,160,64.9,142,0.999
307,-1,296,158,64.6,160.5,0.998
307,-1,344,188,50,125.3,0.998
307,-1,254,157,57,150.6,0.995
307,-1,137,61,146.8,405.4,0.991
307,-1,513,131,87.3,253.1,0.974
307,-1,31,-29,244.4,582.4,0.95
308,-1,115,57,168.9,423.1,1
308,-1,388,155,70.1,150.4,0.999
308,-1,306,153,64.6,164.5,0.999
308,-1,355,183,43.1,128.7,0.997
308,-1,474,160,58,154.3,0.994
308,-1,506,128,96.7,270.5,0.946
308,-1,16,-19,160.1,535.5,0.574
308,-1,266,175,37.8,117.7,0.562
309,-1,305,159,71.2,162.6,1
309,-1,120,46,170.9,434.6,1
309,-1,399,150,61.8,161.1,0.998
309,-1,362,181,50.7,129.6,0.997
309,-1,467,170,44.9,123.2,0.995
309,-1,492,133,76.4,202.6,0.972
309,-1,504,117,103.7,275.8,0.946
309,-1,-17,-21,116.8,485.7,0.644
310,-1,118,41,171,464.8,1
310,-1,463,172,47,118.1,0.999
310,-1,304,149,84.1,182,0.999
310,-1,392,153,64.8,161,0.999
310,-1,26,126,70,198.8,0.993
310,-1,57,75,117.8,289.4,0.901
310,-1,503,116,105.2,288.7,0.889
310,-1,367,196,44.8,122.4,0.869
311,-1,116,45,163.5,447.1,1
311,-1,31,65,112.9,380.4,0.999
311,-1,300,161,74.6,162.5,0.999
311,-1,453,175,47,115.3,0.999
311,-1,399,155,57.3,159.6,0.999
311,-1,357,189,59.1,134.5,0.985
311,-1,501,118,110.3,302.1,0.955
311,-1,253,173,53.8,152.5,0.942
312,-1,116,56,170.1,431.1,1
312,-1,397,154,58.2,167,0.999
312,-1,450,179,46.5,115.6,0.999
312,-1,300,151,83.3,182.4,0.999
312,-1,361,183,59.7,135.7,0.994
312,-1,-13,66,141.7,386.3,0.993
312,-1,501,104,117.1,348,0.964
313,-1,123,58,163.9,439.7,1
313,-1,440,173,48.3,117.6,0.999
313,-1,397,156,58.3,164.8,0.999
313,-1,303,147,66.9,182.3,0.999
313,-1,359,185,56.2,132.9,0.996
313,-1,497,97,117.1,346.9,0.992
313,-1,-6,37,101.3,434.3,0.855
314,-1,114,54,166.9,451,1
314,-1,301,142,70.1,191.1,1
314,-1,392,159,57.6,165.5,0.999
314,-1,440,174,39.6,111,0.997
314,-1,363,190,54.6,133.6,0.993
314,-1,254,170,64.2,152.5,0.992
314,-1,488,80,134.4,381.2,0.99
314,-1,21,135,82.6,188.2,0.984
314,-1,2,42,90.9,419.7,0.797
315,-1,311,148,72.6,187.8,1
315,-1,118,70,180.6,438,1
315,-1,8,145,80.8,187.8,0.998
315,-1,364,191,62,139.7,0.997
315,-1,405,164,60.9,152.1,0.996
315,-1,480,75,156.5,403,0.99
315,-1,289,207,28.2,63.4,0.735
316,-1,114,56,193.1,447.1,1
316,-1,23,144,71,182.5,0.999
316,-1,310,142,75.8,198.5,0.998
316,-1,408,155,66,164.8,0.998
316,-1,378,184,64.6,152.4,0.997
316,-1,477,64,174.3,425.3,0.991
317,-1,120,50,180.7,461.2,1
317,-1,24,137,69.1,190.2,1
317,-1,319,144,79,200.7,0.999
317,-1,425,153,58,166.6,0.999
317,-1,386,182,69.5,156.4,0.993
317,-1,482,51,201.1,444.5,0.976
318,-1,126,57,178.6,456.7,1
318,-1,28,138,64.2,189.7,1
318,-1,325,146,80.8,202.6,0.999
318,-1,426,152,68.1,168.3,0.998
318,-1,390,188,73.1,144.3,0.998
318,-1,495,25,189.7,491.9,0.916
319,-1,27,139,71.3,186.6,1
319,-1,134,59,190.3,445.8,1
319,-1,334,136,89.1,200.7,0.999
319,-1,409,179,71.7,158.8,0.998
319,-1,437,143,70.1,182.7,0.963
320,-1,145,62,195.1,437.2,1
320,-1,41,139,72.1,178.6,1
320,-1,337,130,94.9,219.7,0.999
320,-1,423,169,72.4,165.5,0.998
321,-1,152,45,199.8,458.6,1
321,-1,45,133,70.9,180.7,1
321,-1,344,125,97.5,221.7,0.999
321,-1,453,172,61.5,156.5,0.999
321,-1,530,161,44.5,135.1,0.994
322,-1,164,36,210.1,465.7,1
322,-1,372,125,86.4,210.7,1
322,-1,62,130,69.1,173,1
322,-1,472,153,71.1,186.9,0.999
322,-1,535,153,48.4,144.9,0.995
323,-1,490,147,79.8,191.5,1
323,-1,194,30,180,477.1,1
323,-1,384,114,89.9,232.1,0.999
323,-1,69,127,75.4,171.9,0.999
323,-1,466,166,44.4,109.9,0.997
323,-1,339,155,78,166.2,0.993
323,-1,155,100,68.9,229,0.993
323,-1,547,150,51.7,130.5,0.961
324,-1,187,28,211.2,468.1,1
324,-1,79,116,62.5,184.4,1
324,-1,400,103,87.5,235.2,0.999
324,-1,144,90,73.7,225.2,0.998
324,-1,493,144,102.1,190.1,0.998
324,-1,469,163,42.2,109.5,0.997
324,-1,-1,191,43.7,90.7,0.428
325,-1,79,117,66.8,186,1
325,-1,202,19,204.2,487.9,1
325,-1,410,98,95.1,241.7,1
325,-1,521,130,81.8,204.1,0.999
325,-1,136,94,74.7,227.5,0.999
325,-1,510,196,18.8,47.7,0.956
326,-1,208,27,192.5,478.7,1
326,-1,413,100,89.9,252.4,0.999
326,-1,525,134,91.6,199,0.999
326,-1,77,119,71.2,181.5,0.999
326,-1,132,95,77.4,238.5,0.999
326,-1,508,192,19.4,51.8,0.985
326,-1,371,136,72,183.7,0.975
327,-1,210,35,199.7,467,1
327,-1,428,95,91.3,254.3,1
327,-1,70,120,74.1,182.5,0.999
327,-1,548,143,77.2,192.9,0.998
327,-1,117,93,81.2,241.9,0.996
327,-1,384,138,70.4,181.6,0.992
327,-1,-8,125,46.4,168.6,0.97
328,-1,226,34,181.6,463.3,1
328,-1,426,94,103.5,259.8,1
328,-1,71,81,90.7,259.5,0.999
328,-1,554,134,85.8,202.4,0.994
328,-1,380,135,84.7,193.6,0.975
328,-1,-8,123,46.1,169.6,0.937
328,-1,524,140,55.6,148.6,0.846
329,-1,207,190,27.5,46.5,1
329,-1,224,28,201.9,486.9,1
329,-1,424,96,104.3,259,1
329,-1,57,76,99,264.1,1
329,-1,544,118,104.8,219,0.984
329,-1,517,136,48.7,155.7,0.977
330,-1,51,74,90.4,278.3,1
330,-1,234,18,189.8,504.4,1
330,-1,429,93,104.9,256.5,0.999
330,-1,194,193,23.8,46.6,0.997
330,-1,547,106,88.3,221.8,0.993
330,-1,512,139,53.5,159.3,0.989
330,-1,385,130,84.3,213.7,0.972
331,-1,223,35,205.7,472.3,1
331,-1,442,107,95.3,250.8,0.999
331,-1,37,73,91,297.9,0.998
331,-1,185,194,29.6,45.4,0.998
331,-1,391,138,90.2,215.3,0.994
331,-1,555,105,96.3,231.9,0.992
331,-1,514,142,51.3,139.3,0.843
332,-1,237,15,190.1,492.1,1
332,-1,558,101,85.3,232.4,0.999
332,-1,438,92,96.2,264,0.999
332,-1,168,187,28.7,51.5,0.998
332,-1,19,56,92.4,320.9,0.993
332,-1,-3,125,37.8,136.8,0.528
333,-1,446,89,97.7,277.4,1
333,-1,233,15,199.6,497,1
333,-1,554,105,95.8,230.2,0.999
333,-1,-5,36,110.5,345,0.995
333,-1,158,188,25.8,47.9,0.971
333,-1,408,131,70.3,209.1,0.812
334,-1,231,23,201.9,483.9,1
334,-1,460,80,92,287.4,1
334,-1,556,108,99.3,224.9,0.999
334,-1,32,114,68.6,187.2,0.999
334,-1,412,129,76.5,210.3,0.998
334,-1,144,189,29.9,50.1,0.985
334,-1,2,29,76.7,353.5,0.889
335,-1,29,117,68.9,187.3,1
335,-1,231,17,193.8,497.6,1
335,-1,455,82,95.8,290,0.999
335,-1,560,98,98.5,236.1,0.998
335,-1,217,196,19.4,45.7,0.998
335,-1,132,189,28.8,46.1,0.995
335,-1,412,129,77.9,214.4,0.989
335,-1,-4,41,51.6,352.6,0.822
336,-1,239,29,183.3,476.3,1
336,-1,467,70,91.9,293.6,1
336,-1,26,113,63.1,177,1
336,-1,210,195,19.3,45,0.999
336,-1,563,102,94,226.8,0.998
336,-1,116,184,27.4,46.2,0.993
336,-1,413,119,81.9,216.8,0.991
337,-1,22,109,66,176.1,1
337,-1,238,11,189.1,485.7,1
337,-1,204,188,20,47.3,0.999
337,-1,464,70,114.4,289.4,0.999
337,-1,102,175,28.6,47.9,0.994
337,-1,571,78,94.3,255.3,0.99
337,-1,423,122,76.8,191.7,0.708
338,-1,96,185,25.1,47,1
338,-1,235,15,184.4,483.4,1
338,-1,199,194,17.8,44.8,1
338,-1,30,120,68.7,168.7,0.999
338,-1,466,60,115.8,308.9,0.999
338,-1,586,88,80.6,238.4,0.874
338,-1,429,181,25.1,65.7,0.682
339,-1,196,195,18.4,44.3,1
339,-1,224,12,203.1,483.9,1
339,-1,474,66,119.2,295.6,1
339,-1,85,187,33.8,46.2,0.999
339,-1,24,119,70.7,178.1,0.999
339,-1,433,126,76.3,201.2,0.992
339,-1,585,96,84.3,236.7,0.855
340,-1,229,5,202.3,501.6,1
340,-1,484,71,114.1,293.6,1
340,-1,189,194,19.2,45.6,1
340,-1,22,120,77.4,178,0.999
340,-1,435,118,62.7,194.1,0.997
340,-1,-3,114,41.4,185.1,0.57
341,-1,493,62,122.2,315.3,1
341,-1,229,12,207,491.7,1
341,-1,187,193,20.6,50,1
341,-1,21,115,83.3,184.6,0.999
341,-1,428,109,61.2,213.1,0.994
341,-1,-4,112,40.1,185.1,0.438
342,-1,224,165,41.2,93.9,1
342,-1,21,113,89.5,175.2,1
342,-1,250,16,194.3,492.9,1
342,-1,186,190,22.3,52.8,0.999
342,-1,510,72,122.4,300,0.999
342,-1,430,97,66.8,221,0.996
342,-1,-6,113,50.4,180.6,0.695
343,-1,32,121,86.5,172.2,1
343,-1,261,7,208.3,504.3,1
343,-1,187,195,20,51.2,0.999
343,-1,220,168,44.4,95.7,0.999
343,-1,535,66,125.1,307.8,0.997
343,-1,-5,113,60.2,190.1,0.991
343,-1,434,95,76.1,233.8,0.969
343,-1,489,122,79.3,222.8,0.927
344,-1,187,199,19.2,48.4,1
344,-1,270,-0,212.4,514.6,1
344,-1,43,123,75.2,179.9,1
344,-1,217,170,44.1,98.4,1
344,-1,497,120,97.4,241.9,0.999
344,-1,-5,118,68,181.9,0.997
344,-1,539,55,129,334.8,0.993
345,-1,53,114,67.7,190.8,1
345,-1,286,-1,210,512.3,1
345,-1,209,166,40.7,97.3,1
345,-1,187,196,20.5,50.2,1
345,-1,517,123,95.9,238.1,0.999
345,-1,-6,119,76.8,175.8,0.998
345,-1,563,54,108.1,330.8,0.857
346,-1,294,-2,215.4,525.4,1
346,-1,543,122,78.5,242.4,0.999
346,-1,209,173,45.2,98.8,0.999
346,-1,65,120,63.6,187.8,0.999
346,-1,-2,132,78.4,168.9,0.998
346,-1,193,201,21.2,50.1,0.993
347,-1,21,133,72.9,175.2,1
347,-1,215,176,44.9,101.4,1
347,-1,83,128,68.2,180.2,1
347,-1,302,-7,223.7,529.3,1
347,-1,195,204,18.1,45.6,1
347,-1,564,115,85.5,232.2,0.979
348,-1,88,133,74.5,172.6,1
348,-1,318,-4,209.1,517.2,1
348,-1,208,170,53.3,100.7,1
348,-1,197,198,20.2,48.5,1
348,-1,34,125,62.2,168.6,0.999
348,-1,585,111,77.4,262.3,0.976
349,-1,327,-18,220.3,542.4,1
349,-1,91,128,82.4,176.2,1
349,-1,206,170,48.7,101.2,1
349,-1,45,131,64.5,159.5,0.998
350,-1,203,172,39.3,101.6,1
350,-1,96,133,75,165.5,1
350,-1,327,-12,220.4,539.2,1
350,-1,53,124,60.3,173.8,0.999
351,-1,330,-16,212.7,551.9,1
351,-1,111,132,64.9,166.2,1
351,-1,198,169,43.7,103.4,1
351,-1,59,124,73.8,174.2,0.999
351,-1,500,76,89.3,293.4,0.983
352,-1,328,-24,219.8,564,1
352,-1,132,125,64.5,166,1
352,-1,195,167,44,107.7,1
352,-1,59,129,84.8,164,0.999
352,-1,496,48,110.6,340.8,0.997
353,-1,196,167,42.8,102.4,1
353,-1,144,123,59.3,176.8,1
353,-1,336,-30,213.1,560.3,1
353,-1,73,127,78.3,163.3,0.999
353,-1,509,41,107.5,360.6,0.996
353,-1,55,190,21.7,49.1,0.968
353,-1,597,148,43.4,120.1,0.494
354,-1,340,-30,226,574.5,1
354,-1,143,128,68.8,168.6,0.999
354,-1,79,128,83.9,171,0.999
354,-1,512,49,116.8,351.7,0.998
354,-1,195,161,45.4,116.4,0.994
354,-1,50,187,24.1,53.7,0.95
354,-1,-13,62,62,311.8,0.479
355,-1,101,141,66.1,155,1
355,-1,159,142,69.9,156.8,1
355,-1,346,-27,211.2,551.3,1
355,-1,511,50,104,335.2,0.992
355,-1,-17,67,90.2,315.9,0.899
355,-1,552,39,110.9,391.3,0.598
356,-1,158,127,71.3,166.4,1
356,-1,336,-32,221.4,558.1,1
356,-1,111,126,58.6,165.2,0.999
356,-1,507,31,109.8,337.8,0.993
356,-1,-19,54,99.8,320.1,0.898
357,-1,348,-42,226,571.8,1
357,-1,168,122,62.8,171.6,1
357,-1,122,121,60.9,175.9,0.999
357,-1,519,17,120.2,364.7,0.965
357,-1,-20,49,120.2,328.6,0.945
358,-1,352,-26,211.3,554,1
358,-1,517,26,122.8,367.4,0.999
358,-1,165,119,71.2,175.1,0.999
358,-1,125,127,56,171.2,0.998
358,-1,-12,53,112.2,324.9,0.989
359,-1,120,159,72.3,160.3,1
359,-1,176,145,68.8,178.7,1
359,-1,346,24,214.7,516.1,1
359,-1,499,47,151.7,369.9,0.999
359,-1,-15,89,111.8,314.7,0.996
360,-1,122,170,71.4,148.3,1
360,-1,348,13,199.5,542.7,1
360,-1,-7,98,111.5,309.2,1
360,-1,191,156,57.2,183,1
360,-1,518,45,141,407,0.999
361,-1,-8,82,103.7,310.9,1
361,-1,185,164,56.3,155.6,1
361,-1,351,4,214.4,536.8,1
361,-1,509,18,145.7,428,0.999
361,-1,120,168,69.4,157.8,0.999
362,-1,343,-3,223.3,543.1,1
362,-1,-5,67,97.1,326.6,1
362,-1,181,148,57.8,174.1,1
362,-1,124,157,61.1,150,0.998
362,-1,511,4,159.2,445.6,0.996
363,-1,348,5,213.1,530.1,1
363,-1,182,161,56.4,154.9,1
363,-1,-5,64,106.9,336.5,0.999
363,-1,138,158,58,155.7,0.998
363,-1,95,183,54.1,132.5,0.997
363,-1,521,2,160.7,462.4,0.967
364,-1,368,16,192.8,512.7,1
364,-1,192,167,56.1,154.8,1
364,-1,-1,87,101,324.7,0.999
364,-1,137,167,64.4,153,0.999
364,-1,84,175,56,143.5,0.991
364,-1,523,1,164.4,492.2,0.84
365,-1,363,27,190.5,501.7,1
365,-1,-2,82,99.1,321,1
365,-1,189,166,53,164.5,0.999
365,-1,140,171,59.4,147.7,0.999
365,-1,77,183,52.8,141.5,0.993
366,-1,132,157,72.2,162.9,1
366,-1,355,15,213.1,528.4,1
366,-1,190,156,55.1,158.3,0.999
366,-1,-4,74,111.3,323,0.999
367,-1,372,10,203.8,523.1,1
367,-1,-2,54,103.7,339,1
367,-1,193,143,62.2,164.8,0.999
367,-1,142,158,71.1,150.4,0.999
368,-1,-2,64,122.6,328.9,1
368,-1,376,-2,213.7,548.6,1
368,-1,211,144,58.1,166.9,1
368,-1,147,149,78.9,158.1,0.999
369,-1,172,162,59,157.5,1
369,-1,386,3,216.9,546.2,1
369,-1,218,150,71.9,165.8,1
369,-1,-2,77,135.4,318.1,1
370,-1,177,161,59.6,159.9,1
370,-1,11,72,131,324.9,1
370,-1,226,161,62.3,157.8,1
370,-1,379,6,238.3,539.1,1
371,-1,4,79,133,320.6,1
371,-1,185,158,52,160.9,1
371,-1,380,-3,248,547,1
371,-1,223,157,71.9,160,1
372,-1,393,-7,242.1,551.5,1
372,-1,11,74,137.4,311.8,1
372,-1,197,158,53.5,149.7,1
372,-1,238,154,63.3,163.2,1
372,-1,176,218,21.5,53.4,0.997
373,-1,252,152,52.7,163.7,1
373,-1,183,220,19.3,51,1
373,-1,397,-12,265.7,560.1,1
373,-1,204,168,57,142.8,1
373,-1,27,77,126.9,318.5,1
374,-1,25,79,135.7,316,1
374,-1,264,153,51.9,157.2,1
374,-1,213,163,54.2,153.5,1
374,-1,186,221,20.2,52.3,0.999
374,-1,420,-27,255.5,585.4,0.999
374,-1,-3,87,49.9,297.6,0.453
375,-1,270,156,57,159.4,1
375,-1,35,81,126.8,324.4,1
375,-1,219,171,56.8,145,1
375,-1,189,218,21.2,52.3,1
375,-1,427,-40,252.9,613,0.996
375,-1,-3,102,64.2,284.1,0.655
376,-1,275,158,52,155.4,1
376,-1,221,168,55.2,142.8,1
376,-1,31,77,138.6,321.4,1
376,-1,188,216,22,55.7,0.999
376,-1,449,192,31,87.6,0.998
376,-1,454,-47,238.6,627,0.843
376,-1,-5,90,60.7,304.1,0.685
377,-1,42,70,132.7,323.3,1
377,-1,187,216,20.7,52,1
377,-1,273,160,63.9,153.9,1
377,-1,448,196,27.5,85,1
377,-1,230,167,59,141,1
377,-1,457,195,35.7,90.9,0.997
377,-1,-4,80,68.5,309.9,0.905
377,-1,483,-28,213.3,587.2,0.597
378,-1,462,197,29,85.2,1
378,-1,281,159,55.1,157.4,1
378,-1,45,63,132.7,335.3,1
378,-1,225,158,53.6,149.7,1
378,-1,183,215,20.3,53.8,0.999
378,-1,446,190,29.9,89.2,0.996
378,-1,-5,81,68.5,310.8,0.829
379,-1,278,150,62.8,161.3,1
379,-1,49,67,115,334.5,1
379,-1,459,192,32.6,92.4,1
379,-1,180,211,22.5,56.4,0.999
379,-1,232,161,52.7,150.8,0.999
379,-1,443,190,30.3,88.5,0.995
379,-1,511,167,59.6,173.8,0.963
379,-1,-5,81,58.1,299.7,0.874
380,-1,173,216,25.1,56.4,1
380,-1,457,192,32.7,91.7,1
380,-1,290,155,58,168.9,1
380,-1,47,65,125.3,340,1
380,-1,236,168,53.9,138,0.999
380,-1,513,166,58.4,160.9,0.999
380,-1,441,195,27.3,87.5,0.996
380,-1,-5,76,56.2,316.4,0.836
380,-1,419,224,13.7,34.5,0.59
381,-1,452,198,31.1,89.4,1
381,-1,44,72,117.7,351.1,1
381,-1,289,161,52.3,159.8,1
381,-1,233,173,54.5,146.3,1
381,-1,171,218,25.3,57,0.999
381,-1,518,155,64.7,181,0.999
381,-1,-9,67,59.6,350.1,0.537
381,-1,415,226,13,34.4,0.427
382,-1,165,216,25,56.6,1
382,-1,37,67,125.4,342.1,1
382,-1,458,196,32.8,88.4,1
382,-1,440,202,27.5,81,0.999
382,-1,286,159,59.5,160,0.999
382,-1,517,158,72.7,184,0.999
382,-1,235,165,56.5,148.2,0.998
382,-1,407,222,15,41.7,0.413
383,-1,28,81,114.6,334.6,1
383,-1,286,165,62.2,155.8,1
383,-1,235,176,53.4,136.8,1
383,-1,454,200,35.4,86.6,1
383,-1,162,215,24.4,59.8,0.999
383,-1,515,162,70.8,183.2,0.999
383,-1,436,199,29,85.3,0.997
383,-1,407,223,15.7,40.7,0.618
383,-1,399,225,13.8,36.5,0.441
384,-1,286,160,56.5,158.2,1
384,-1,446,195,35.3,89.4,1
384,-1,149,213,26.1,57.5,1
384,-1,512,151,71.9,191.4,1
384,-1,7,72,130.8,347.6,1
384,-1,232,174,58.6,139.3,0.999
384,-1,429,200,30.6,76.4,0.998
384,-1,401,223,13.6,34,0.62
384,-1,391,222,13.4,37.5,0.46
385,-1,7,69,117.8,338.7,1
385,-1,445,197,34,88.9,1
385,-1,281,149,64.7,173,1
385,-1,513,141,78.4,207,1
385,-1,147,215,25.6,56.2,0.999
385,-1,239,171,48.7,138.9,0.999
385,-1,429,194,28.8,83.6,0.999
385,-1,398,220,13.5,37.9,0.631
386,-1,1,68,128.6,344.3,1
386,-1,135,215,27,55.1,1
386,-1,520,148,68.8,203.4,1
386,-1,285,151,58.6,164.7,1
386,-1,434,191,31.2,87.2,1
386,-1,236,168,54.7,145.6,0.999
386,-1,395,218,12.6,38.6,0.424
387,-1,286,154,54.5,163.3,1
387,-1,228,168,57.6,135.3,1
387,-1,519,134,79.1,227,1
387,-1,129,214,25.2,59.5,1
387,-1,439,191,26.5,85.5,1
387,-1,-1,58,122.9,365.1,0.999
387,-1,418,192,29.5,79.7,0.997
387,-1,385,220,13.4,35.7,0.852
388,-1,119,215,25.5,60,1
388,-1,235,167,46.3,137.1,1
388,-1,522,134,76,226.5,1
388,-1,285,158,55.3,158,1
388,-1,426,193,31.2,85,1
388,-1,1,62,123.6,362,0.998
388,-1,368,220,13.6,35.3,0.877
388,-1,383,219,12.5,35.2,0.694
389,-1,515,139,91.6,237.1,1
389,-1,277,164,56.1,164.6,1
389,-1,222,169,59.1,143.4,1
389,-1,111,216,24.4,62,1
389,-1,421,201,30.5,79.5,1
389,-1,-12,68,124.9,344.7,0.997
389,-1,363,224,12.9,34.4,0.798
389,-1,406,200,28.3,79.7,0.634
390,-1,421,196,28.3,91,1
390,-1,223,171,56.2,145.4,1
390,-1,277,161,56.1,154.4,1
390,-1,517,127,89.9,249,1
390,-1,102,215,25,61.1,0.999
390,-1,404,198,25.7,73.6,0.999
390,-1,-13,75,115.3,342.4,0.988
390,-1,368,220,13.1,36,0.941
390,-1,353,224,13.4,32.6,0.759
391,-1,267,166,56,151.6,1
391,-1,409,194,26.8,84.8,1
391,-1,502,111,106.2,269.3,1
391,-1,212,161,62.5,156.7,1
391,-1,85,212,26,64.2,1
391,-1,392,192,28.5,78.9,0.997
391,-1,358,218,12.1,34,0.936
391,-1,-9,56,90.6,417.4,0.86
391,-1,344,217,11.5,34,0.84
392,-1,402,193,31.9,83.7,1
392,-1,212,156,56.8,151.6,1
392,-1,262,161,55.7,154.8,1
392,-1,496,105,128.7,290.4,1
392,-1,75,209,24.6,65.7,0.999
392,-1,388,189,26.6,83,0.997
392,-1,347,217,13.2,36.6,0.832
392,-1,-11,54,77.3,398.2,0.575
393,-1,393,201,32.6,78.8,1
393,-1,64,218,24.6,62.5,1
393,-1,212,170,52.5,141.6,1
393,-1,258,164,54.5,157.5,1
393,-1,487,97,164.4,317.9,0.999
393,-1,379,202,26.3,73.5,0.98
393,-1,345,220,12.7,35,0.83
393,-1,328,218,13.4,37,0.496
394,-1,214,168,48.6,145.3,1
394,-1,391,200,31.7,82.2,1
394,-1,62,214,25,61.7,1
394,-1,258,163,56.3,152.1,1
394,-1,488,96,155.7,330.8,0.999
394,-1,342,223,12.5,34.2,0.903
394,-1,329,221,13.2,35.9,0.671
395,-1,387,190,30.4,89,1
395,-1,253,157,56.6,162.9,1
395,-1,49,211,31.9,63.3,1
395,-1,203,163,53.4,147,1
395,-1,484,86,179.7,349.2,0.998
395,-1,332,216,13,36.6,0.442
395,-1,325,219,12.5,34.2,0.422
396,-1,203,162,57,157.4,1
396,-1,375,196,29,83.3,1
396,-1,41,217,29.3,59.3,1
396,-1,488,80,165.4,374.2,0.999
396,-1,251,167,56.8,148.6,0.999
396,-1,330,219,13.2,36.7,0.911
396,-1,314,219,12.7,33.8,0.853
397,-1,371,198,29,80.1,1
397,-1,38,217,24.8,67.3,1
397,-1,252,165,50.7,151.3,1
397,-1,487,78,185,381.2,0.999
397,-1,199,166,56.3,153,0.999
397,-1,327,223,12.8,36,0.863
397,-1,309,224,12,33.4,0.849
398,-1,371,203,26.7,78.3,1
398,-1,197,171,60.2,148.2,1
398,-1,30,218,28.1,63.6,1
398,-1,249,167,55.6,155.6,0.999
398,-1,514,66,156.5,408.5,0.993
398,-1,305,225,12,32.1,0.895
398,-1,325,219,14.2,37.8,0.555
399,-1,201,172,59.1,145.3,1
399,-1,375,198,30.7,85.6,1
399,-1,251,164,54.9,155.7,1
399,-1,23,216,30.5,65.5,1
399,-1,526,44,169,429.8,0.964
400,-1,17,216,28.6,63,1
400,-1,200,165,52.7,154.4,1
400,-1,369,196,26.4,80,1
400,-1,244,161,56.9,158.5,0.999
400,-1,542,36,140.5,452.1,0.729
401,-1,249,167,49,150.7,1
401,-1,365,202,28.9,76.5,0.999
401,-1,10,213,26.9,67.7,0.999
401,-1,203,164,53.9,148.1,0.999
402,-1,354,195,27.7,77,1
402,-1,196,162,58.3,154.7,1
402,-1,244,156,52.6,158.8,1
402,-1,-1,209,27.2,65.3,0.999
403,-1,242,156,54.3,158.1,1
403,-1,190,161,64.9,151.3,1
403,-1,354,198,27.3,77.6,1
403,-1,-5,210,29.5,72.8,0.988
403,-1,303,217,14.5,37.7,0.661
404,-1,358,195,29.4,84.1,1
404,-1,199,174,50.4,139.4,1
404,-1,245,168,59.7,150.2,1
404,-1,-4,214,24.5,69.8,0.921
404,-1,300,222,14.6,36.5,0.571
405,-1,350,193,30,79.2,1
405,-1,243,160,58,160.7,1
405,-1,199,168,51.1,139.9,1
405,-1,300,217,13.7,35.9,0.873
406,-1,359,195,28.4,83.1,1
406,-1,195,170,49.7,145.9,1
406,-1,242,167,59.5,152.1,1
406,-1,344,196,26.5,71.5,0.999
406,-1,298,215,14.2,37.5,0.82
407,-1,354,189,28.6,80.7,1
407,-1,250,160,48.4,143.3,1
407,-1,188,163,55,147.3,1
408,-1,197,164,52.4,145.4,1
408,-1,343,191,27.8,74.9,1
408,-1,243,156,56,148.1,1
408,-1,354,186,31.5,86.6,0.999
408,-1,294,213,15.8,40.3,0.495
409,-1,346,189,28,75.8,1
409,-1,248,150,53.1,157.1,1
409,-1,194,165,45.5,141,1
410,-1,343,186,28.9,82.4,1
410,-1,187,160,53.9,137.6,1
410,-1,248,155,52.1,150.8,1
411,-1,188,165,44.3,130.4,0.999
411,-1,342,184,27.2,79.5,0.999
411,-1,240,153,54,143.2,0.999
412,-1,186,168,49.3,134.6,1
412,-1,336,191,28,80.7,0.999
412,-1,235,164,45.1,134.6,0.998
412,-1,321,188,25.8,73.4,0.988
412,-1,278,206,15.6,43,0.729
413,-1,183,153,48.5,147.8,1
413,-1,230,154,51.2,151.5,0.999
413,-1,330,184,27.4,82.8,0.999
413,-1,275,207,15.4,41.7,0.447
414,-1,231,153,50.8,158.7,1
414,-1,176,158,51.7,141.3,1
414,-1,325,189,27.6,78.4,0.999
415,-1,172,165,46.7,136.7,0.999
415,-1,223,155,54.3,145.9,0.999
415,-1,311,188,26.1,72.2,0.998
415,-1,324,194,26.1,72.2,0.962
416,-1,222,163,50.9,148,1
416,-1,303,191,24,73,1
416,-1,166,157,56.5,149.1,1
416,-1,316,195,24.5,76.4,0.998
416,-1,557,87,115.4,324.5,0.713
417,-1,311,195,25.8,74.1,1
417,-1,167,169,47.5,137.9,1
417,-1,221,165,47.3,143.4,1
417,-1,550,124,119.6,305.8,0.87
418,-1,293,192,28.2,70.7,0.999
418,-1,206,159,57.8,151.4,0.999
418,-1,163,166,52,141.2,0.999
418,-1,306,193,28.6,79,0.998
418,-1,544,40,143.7,392.7,0.96
419,-1,303,193,28.6,74.8,1
419,-1,160,160,49.1,148,0.999
419,-1,209,166,48.5,131.4,0.999
419,-1,525,28,174,434.6,0.985
