1,-1,125.45,159.39,55.569,168.71,1.6142,-1,-1,-1
1,-1,14.929,140.29,68.644,207.93,1.5583,-1,-1,-1
2,-1,14.929,140.29,68.644,207.93,1.4216,-1,-1,-1
2,-1,122.26,158.63,59.629,180.89,0.97788,-1,-1,-1
3,-1,130.96,143.96,63.98,193.94,1.8497,-1,-1,-1
3,-1,14.929,140.29,68.644,207.93,1.6137,-1,-1,-1
3,-1,1,99.492,97.492,294.47,-0.4252,-1,-1,-1
3,-1,249.65,198.21,20.435,63.306,-0.44517,-1,-1,-1
4,-1,130.96,143.96,63.98,193.94,1.8372,-1,-1,-1
4,-1,15.929,135.36,73.643,222.93,1.5822,-1,-1,-1
4,-1,237,193,19,59,-0.39797,-1,-1,-1
5,-1,146.51,158.63,59.629,180.89,1.6295,-1,-1,-1
5,-1,28.858,140.29,68.644,207.93,0.9182,-1,-1,-1
5,-1,217,205,19,59,0.63359,-1,-1,-1
5,-1,20.698,119.19,97.492,294.47,-0.11225,-1,-1,-1
5,-1,206.78,146.76,41.871,127.61,-0.3454,-1,-1,-1
5,-1,261.22,182.02,27.284,83.853,-0.48477,-1,-1,-1
5,-1,243.79,191.01,25.39,78.17,-0.49455,-1,-1,-1
6,-1,146.51,158.63,59.629,180.89,2.1613,-1,-1,-1
6,-1,30.857,135.36,73.643,222.93,1.147,-1,-1,-1
6,-1,138.19,103.89,84.742,256.23,0.23504,-1,-1,-1
6,-1,253,193,19,59,-0.10327,-1,-1,-1
6,-1,271.09,202.49,20.435,63.306,-0.15615,-1,-1,-1
6,-1,223.93,202.49,20.435,63.306,-0.46312,-1,-1,-1
7,-1,158.63,158.63,59.629,180.89,2.1068,-1,-1,-1
7,-1,30.857,135.36,73.643,222.93,1.6001,-1,-1,-1
7,-1,138.19,103.89,84.742,256.23,0.43043,-1,-1,-1
7,-1,276.69,198.58,21.974,67.922,0.068753,-1,-1,-1
7,-1,273,153,39,119,-0.11365,-1,-1,-1
7,-1,22.112,106.56,104.56,315.68,-0.47868,-1,-1,-1
8,-1,154.22,140.29,68.644,207.93,2.1416,-1,-1,-1
8,-1,33,129,79,239,1.5904,-1,-1,-1
8,-1,289,205,19,59,-0.007021,-1,-1,-1
8,-1,281,153,39,119,-0.34243,-1,-1,-1
8,-1,138.89,79.793,97.492,294.47,-0.37934,-1,-1,-1
9,-1,170.76,158.63,59.629,180.89,2.1333,-1,-1,-1
9,-1,49,129,79,239,1.4926,-1,-1,-1
9,-1,155.34,103.89,84.742,256.23,0.71367,-1,-1,-1
9,-1,290.47,203.17,21.974,67.922,0.057777,-1,-1,-1
9,-1,284.64,157.75,36.321,110.96,-0.47143,-1,-1,-1
10,-1,169.95,156.95,63.98,193.94,2.292,-1,-1,-1
10,-1,49,129,79,239,2.0733,-1,-1,-1
10,-1,148.03,92.896,90.896,274.69,-0.19355,-1,-1,-1
10,-1,361,129,39,119,-0.34754,-1,-1,-1
10,-1,299.66,203.17,21.974,67.922,-0.3717,-1,-1,-1
11,-1,182.94,156.95,63.98,193.94,2.5031,-1,-1,-1
11,-1,49,129,79,239,2.1594,-1,-1,-1
11,-1,166.41,92.896,90.896,274.69,0.51208,-1,-1,-1
11,-1,306.32,197.98,23.623,72.869,-0.15912,-1,-1,-1
11,-1,143.51,191.01,25.39,78.17,-0.16961,-1,-1,-1
11,-1,286.01,185.73,25.39,78.17,-0.23813,-1,-1,-1
11,-1,64.336,106.56,104.56,315.68,-0.35355,-1,-1,-1
11,-1,299.57,157.75,36.321,110.96,-0.43551,-1,-1,-1
12,-1,65,129,79,239,2.6993,-1,-1,-1
12,-1,180.14,135.36,73.643,222.93,2.1281,-1,-1,-1
12,-1,158.59,193.06,23.623,72.869,0.040131,-1,-1,-1
12,-1,169.9,64.336,104.56,315.68,-0.2622,-1,-1,-1
12,-1,314.4,168.15,33.822,103.47,-0.41917,-1,-1,-1
13,-1,196,154.22,68.644,207.93,2.7636,-1,-1,-1
13,-1,65,129,79,239,2.2558,-1,-1,-1
13,-1,178.28,79.793,97.492,294.47,-0.026943,-1,-1,-1
13,-1,164.62,191.01,25.39,78.17,-0.13007,-1,-1,-1
13,-1,313,153,39,119,-0.38565,-1,-1,-1
14,-1,208.94,156.95,63.98,193.94,2.6345,-1,-1,-1
14,-1,81,129,79,239,2.6306,-1,-1,-1
14,-1,184.79,92.896,90.896,274.69,0.75608,-1,-1,-1
14,-1,335.87,202.91,23.623,72.869,-0.37224,-1,-1,-1
14,-1,313,153,39,119,-0.49779,-1,-1,-1
15,-1,81,129,79,239,2.5196,-1,-1,-1
15,-1,209,129,79,239,2.4222,-1,-1,-1
15,-1,185.73,191.01,25.39,78.17,0.88722,-1,-1,-1
15,-1,299.66,203.17,21.974,67.922,-0.20324,-1,-1,-1
15,-1,350.2,203.17,21.974,67.922,-0.24281,-1,-1,-1
15,-1,111.28,111.28,90.896,274.69,-0.43081,-1,-1,-1
15,-1,322.96,185.73,25.39,78.17,-0.48345,-1,-1,-1
16,-1,86.742,121.04,84.742,256.23,2.9632,-1,-1,-1
16,-1,223.86,154.22,68.644,207.93,2.4871,-1,-1,-1
16,-1,197.98,79.793,97.492,294.47,0.61956,-1,-1,-1
16,-1,345,153,39,119,0.0020942,-1,-1,-1
17,-1,86.742,121.04,84.742,256.23,2.478,-1,-1,-1
17,-1,223.86,154.22,68.644,207.93,2.1143,-1,-1,-1
17,-1,217.68,99.492,97.492,294.47,0.39793,-1,-1,-1
17,-1,306.32,197.98,23.623,72.869,-0.075787,-1,-1,-1
17,-1,191.01,185.73,25.39,78.17,-0.093109,-1,-1,-1
18,-1,224.93,150.29,73.643,222.93,2.4969,-1,-1,-1
18,-1,92.896,111.28,90.896,274.69,2.4822,-1,-1,-1
18,-1,204.65,46.255,112.14,338.41,-0.10436,-1,-1,-1
19,-1,92.896,111.28,90.896,274.69,2.6852,-1,-1,-1
19,-1,225,129,79,239,2.2208,-1,-1,-1
19,-1,195.01,25.251,120.26,362.77,-0.084998,-1,-1,-1
19,-1,78.976,78.976,128.96,388.88,-0.43456,-1,-1,-1
20,-1,74.517,111.28,90.896,274.69,2.6342,-1,-1,-1
20,-1,223.93,121.04,84.742,256.23,1.9336,-1,-1,-1
20,-1,45.321,183.21,23.623,72.869,0.075443,-1,-1,-1
20,-1,106.56,85.449,104.56,315.68,-0.24487,-1,-1,-1
20,-1,52.984,26.992,128.96,388.88,-0.48928,-1,-1,-1
20,-1,182.94,26.992,128.96,388.88,-0.49501,-1,-1,-1
21,-1,79.793,99.492,97.492,294.47,2.7112,-1,-1,-1
21,-1,223.93,121.04,84.742,256.23,1.1976,-1,-1,-1
21,-1,43.224,180.45,25.39,78.17,0.024428,-1,-1,-1
21,-1,189.44,169.95,31.49,96.47,-0.26541,-1,-1,-1
22,-1,79.793,99.492,97.492,294.47,2.3498,-1,-1,-1
22,-1,221.55,111.28,90.896,274.69,1.3857,-1,-1,-1
22,-1,60.714,60.714,148.29,446.86,-0.46421,-1,-1,-1
23,-1,79.793,99.492,97.492,294.47,2.1306,-1,-1,-1
23,-1,221.55,111.28,90.896,274.69,1.2779,-1,-1,-1
24,-1,74.517,111.28,90.896,274.69,2.0486,-1,-1,-1
24,-1,239.93,111.28,90.896,274.69,0.78595,-1,-1,-1
24,-1,52.984,52.984,128.96,388.88,0.46808,-1,-1,-1
24,-1,201.57,185.73,25.39,78.17,-0.45259,-1,-1,-1
25,-1,68.882,91.51,112.14,338.41,2.1458,-1,-1,-1
25,-1,237.38,99.492,97.492,294.47,1.0349,-1,-1,-1
26,-1,68.882,91.51,112.14,338.41,2.0955,-1,-1,-1
26,-1,237.38,99.492,97.492,294.47,1.1259,-1,-1,-1
27,-1,64.336,106.56,104.56,315.68,1.9023,-1,-1,-1
27,-1,233.23,106.56,104.56,315.68,1.0472,-1,-1,-1
27,-1,60.714,60.714,148.29,446.86,-0.22437,-1,-1,-1
28,-1,68.882,91.51,112.14,338.41,2.1473,-1,-1,-1
28,-1,233.23,106.56,104.56,315.68,1.0014,-1,-1,-1
29,-1,49.503,73.754,120.26,362.77,2.283,-1,-1,-1
29,-1,243.51,73.754,120.26,362.77,0.98086,-1,-1,-1
30,-1,52.984,52.984,128.96,388.88,2.1038,-1,-1,-1
30,-1,249.9,91.51,112.14,338.41,1.2281,-1,-1,-1
31,-1,52.984,52.984,128.96,388.88,2.0571,-1,-1,-1
31,-1,249.9,91.51,112.14,338.41,1.4812,-1,-1,-1
32,-1,52.984,78.976,128.96,388.88,1.9089,-1,-1,-1
32,-1,243.51,73.754,120.26,362.77,1.212,-1,-1,-1
32,-1,409.74,197.98,23.623,72.869,-0.16764,-1,-1,-1
32,-1,401,153,39,119,-0.24722,-1,-1,-1
32,-1,390.88,78.976,63.98,193.94,-0.25,-1,-1,-1
32,-1,488.05,102.09,21.974,67.922,-0.25901,-1,-1,-1
33,-1,73.754,73.754,120.26,362.77,1.7618,-1,-1,-1
33,-1,267.77,73.754,120.26,362.77,1.6394,-1,-1,-1
33,-1,35.297,35.297,170.48,513.45,-0.010759,-1,-1,-1
33,-1,409,153,39,119,-0.15821,-1,-1,-1
33,-1,385,145,39,119,-0.44771,-1,-1,-1
34,-1,272.53,91.51,112.14,338.41,1.8769,-1,-1,-1
34,-1,78.976,78.976,128.96,388.88,1.694,-1,-1,-1
34,-1,393,145,39,119,0.42807,-1,-1,-1
34,-1,257,33,159,479,-0.0656,-1,-1,-1
34,-1,429.44,193.06,23.623,72.869,-0.17688,-1,-1,-1
34,-1,417,153,39,119,-0.1853,-1,-1,-1
34,-1,37.758,1,182.79,550.38,-0.49826,-1,-1,-1
35,-1,78.976,78.976,128.96,388.88,1.9605,-1,-1,-1
35,-1,286.91,78.976,128.96,388.88,1.7262,-1,-1,-1
35,-1,425,161,39,119,0.20495,-1,-1,-1
35,-1,401,153,39,119,-0.30043,-1,-1,-1
35,-1,37.758,37.758,182.79,550.38,-0.30882,-1,-1,-1
36,-1,292.02,98.006,120.26,362.77,2.0656,-1,-1,-1
36,-1,78.976,78.976,128.96,388.88,1.8402,-1,-1,-1
36,-1,449.63,191.01,25.39,78.17,-0.031876,-1,-1,-1
36,-1,433,161,39,119,-0.2093,-1,-1,-1
36,-1,275.37,1,170.48,513.45,-0.40092,-1,-1,-1
37,-1,286.91,78.976,128.96,388.88,1.7985,-1,-1,-1
37,-1,84.573,56.715,138.29,416.86,1.5976,-1,-1,-1
37,-1,441,161,39,119,-0.030758,-1,-1,-1
37,-1,423.24,180.45,25.39,78.17,-0.31134,-1,-1,-1
38,-1,286.91,78.976,128.96,388.88,1.4613,-1,-1,-1
38,-1,84.573,56.715,138.29,416.86,1.3419,-1,-1,-1
38,-1,459.21,187.68,27.284,83.853,-0.10624,-1,-1,-1
38,-1,446.86,155.34,41.871,127.61,-0.3023,-1,-1,-1
39,-1,307.43,56.715,138.29,416.86,1.5329,-1,-1,-1
39,-1,60.714,30.857,148.29,446.86,1.1935,-1,-1,-1
39,-1,449,161,39,119,-0.14439,-1,-1,-1
40,-1,307.43,56.715,138.29,416.86,1.4563,-1,-1,-1
40,-1,84.573,56.715,138.29,416.86,1.0195,-1,-1,-1
40,-1,467.84,188.95,29.314,89.943,-0.43915,-1,-1,-1
41,-1,307.43,56.715,138.29,416.86,1.3255,-1,-1,-1
41,-1,65,33,159,479,0.68353,-1,-1,-1
41,-1,537,105,39,119,-0.48963,-1,-1,-1
42,-1,307.43,56.715,138.29,416.86,1.2845,-1,-1,-1
42,-1,60.714,30.857,148.29,446.86,0.6294,-1,-1,-1
43,-1,307.43,56.715,138.29,416.86,0.81227,-1,-1,-1
43,-1,60.714,30.857,148.29,446.86,0.41818,-1,-1,-1
43,-1,270.18,185.73,25.39,78.17,-0.33867,-1,-1,-1
44,-1,299.57,60.714,148.29,446.86,0.34958,-1,-1,-1
44,-1,60.714,30.857,148.29,446.86,0.21775,-1,-1,-1
44,-1,266.93,188.13,23.623,72.869,-0.49082,-1,-1,-1
45,-1,60.714,30.857,148.29,446.86,0.36881,-1,-1,-1
45,-1,307.43,56.715,138.29,416.86,0.15851,-1,-1,-1
45,-1,266.87,182.02,27.284,83.853,-0.48822,-1,-1,-1
46,-1,289,33,159,479,0.3018,-1,-1,-1
46,-1,60.714,30.857,148.29,446.86,0.040619,-1,-1,-1
47,-1,289,33,159,479,0.38236,-1,-1,-1
47,-1,136.76,46.255,112.14,338.41,-0.061294,-1,-1,-1
47,-1,60.714,30.857,148.29,446.86,-0.10865,-1,-1,-1
47,-1,270.18,185.73,25.39,78.17,-0.35034,-1,-1,-1
48,-1,299.57,60.714,148.29,446.86,0.031662,-1,-1,-1
48,-1,130.96,26.992,128.96,388.88,-0.066232,-1,-1,-1
48,-1,65,1,159,479,-0.14135,-1,-1,-1
48,-1,556.97,148.03,21.974,67.922,-0.39619,-1,-1,-1
49,-1,309.67,35.297,170.48,513.45,0.059957,-1,-1,-1
49,-1,136.76,46.255,112.14,338.41,-0.020866,-1,-1,-1
49,-1,26.992,52.984,128.96,388.88,-0.044052,-1,-1,-1
49,-1,65,1,159,479,-0.19792,-1,-1,-1
50,-1,130.96,26.992,128.96,388.88,0.18748,-1,-1,-1
50,-1,321,33,159,479,0.13308,-1,-1,-1
50,-1,25.251,73.754,120.26,362.77,-0.19517,-1,-1,-1
51,-1,321,33,159,479,0.4777,-1,-1,-1
51,-1,136.76,46.255,112.14,338.41,0.23391,-1,-1,-1
51,-1,26.992,52.984,128.96,388.88,-0.33279,-1,-1,-1
52,-1,321,33,159,479,0.71108,-1,-1,-1
52,-1,130.96,26.992,128.96,388.88,0.36566,-1,-1,-1
52,-1,28.858,28.858,138.29,416.86,-0.44832,-1,-1,-1
53,-1,130.96,26.992,128.96,388.88,0.55474,-1,-1,-1
53,-1,321,33,159,479,0.068409,-1,-1,-1
53,-1,28.858,28.858,138.29,416.86,-0.49562,-1,-1,-1
54,-1,130.96,26.992,128.96,388.88,0.71081,-1,-1,-1
54,-1,309.67,35.297,170.48,513.45,0.058476,-1,-1,-1
55,-1,130.96,26.992,128.96,388.88,0.91302,-1,-1,-1
56,-1,130.96,26.992,128.96,388.88,0.8207,-1,-1,-1
57,-1,130.96,26.992,128.96,388.88,0.62049,-1,-1,-1
58,-1,130.96,26.992,128.96,388.88,0.85842,-1,-1,-1
59,-1,130.96,26.992,128.96,388.88,0.89422,-1,-1,-1
60,-1,130.96,26.992,128.96,388.88,1.1198,-1,-1,-1
61,-1,130.96,26.992,128.96,388.88,1.0599,-1,-1,-1
62,-1,130.96,26.992,128.96,388.88,1.1192,-1,-1,-1
63,-1,130.96,26.992,128.96,388.88,0.86893,-1,-1,-1
63,-1,564.85,188.95,29.314,89.943,-0.3415,-1,-1,-1
64,-1,130.96,26.992,128.96,388.88,0.87692,-1,-1,-1
64,-1,498.3,138.19,41.871,127.61,-0.4019,-1,-1,-1
65,-1,130.96,26.992,128.96,388.88,0.87041,-1,-1,-1
65,-1,497.24,138.84,44.948,136.84,-0.38398,-1,-1,-1
66,-1,130.96,26.992,128.96,388.88,1.0616,-1,-1,-1
67,-1,130.96,26.992,128.96,388.88,0.96921,-1,-1,-1
68,-1,130.96,26.992,128.96,388.88,0.88572,-1,-1,-1
69,-1,130.96,26.992,128.96,388.88,0.61175,-1,-1,-1
70,-1,130.96,26.992,128.96,388.88,0.96477,-1,-1,-1
70,-1,291.29,180.45,25.39,78.17,-0.26648,-1,-1,-1
71,-1,120.43,1,148.29,446.86,0.99525,-1,-1,-1
72,-1,120.43,1,148.29,446.86,1.0852,-1,-1,-1
72,-1,291.29,180.45,25.39,78.17,-0.25241,-1,-1,-1
73,-1,120.43,1,148.29,446.86,0.9536,-1,-1,-1
73,-1,589,193,19,59,-0.052478,-1,-1,-1
74,-1,140.29,1,138.29,416.86,0.87981,-1,-1,-1
75,-1,120.43,1,148.29,446.86,0.80584,-1,-1,-1
75,-1,291.29,180.45,25.39,78.17,0.054781,-1,-1,-1
76,-1,140.29,1,138.29,416.86,0.83484,-1,-1,-1
76,-1,291.29,180.45,25.39,78.17,0.13831,-1,-1,-1
77,-1,120.43,1,148.29,446.86,0.81436,-1,-1,-1
77,-1,291.29,180.45,25.39,78.17,0.24372,-1,-1,-1
78,-1,120.43,1,148.29,446.86,0.61367,-1,-1,-1
78,-1,291.29,180.45,25.39,78.17,0.29734,-1,-1,-1
79,-1,120.43,1,148.29,446.86,0.80973,-1,-1,-1
80,-1,120.43,1,148.29,446.86,0.62886,-1,-1,-1
81,-1,120.43,1,148.29,446.86,0.71095,-1,-1,-1
82,-1,120.43,1,148.29,446.86,0.54505,-1,-1,-1
83,-1,120.43,1,148.29,446.86,0.64275,-1,-1,-1
84,-1,140.29,28.858,138.29,416.86,0.39532,-1,-1,-1
85,-1,130.96,26.992,128.96,388.88,0.7274,-1,-1,-1
86,-1,130.96,26.992,128.96,388.88,0.72001,-1,-1,-1
87,-1,130.96,26.992,128.96,388.88,0.65448,-1,-1,-1
87,-1,489.73,146.76,41.871,127.61,-0.42194,-1,-1,-1
88,-1,130.96,26.992,128.96,388.88,0.55567,-1,-1,-1
88,-1,497,145,39,119,-0.44498,-1,-1,-1
89,-1,130.96,26.992,128.96,388.88,0.53874,-1,-1,-1
90,-1,130.96,26.992,128.96,388.88,0.65001,-1,-1,-1
91,-1,130.96,26.992,128.96,388.88,0.39217,-1,-1,-1
91,-1,489.73,146.76,41.871,127.61,-0.41759,-1,-1,-1
92,-1,130.96,26.992,128.96,388.88,0.17666,-1,-1,-1
92,-1,497,153,39,119,-0.36665,-1,-1,-1
92,-1,295.16,182.02,27.284,83.853,-0.44609,-1,-1,-1
93,-1,130.96,26.992,128.96,388.88,-0.10403,-1,-1,-1
93,-1,295.16,182.02,27.284,83.853,-0.38681,-1,-1,-1
94,-1,120.43,1,148.29,446.86,0.16372,-1,-1,-1
94,-1,291.29,180.45,25.39,78.17,-0.28754,-1,-1,-1
95,-1,120.43,1,148.29,446.86,0.40256,-1,-1,-1
95,-1,296.57,180.45,25.39,78.17,-0.37206,-1,-1,-1
96,-1,146.51,25.251,120.26,362.77,0.51145,-1,-1,-1
96,-1,292.02,176.82,29.314,89.943,-0.4896,-1,-1,-1
97,-1,146.51,25.251,120.26,362.77,0.54262,-1,-1,-1
97,-1,261,193,19,59,0.03713,-1,-1,-1
97,-1,291.29,185.73,25.39,78.17,-0.27863,-1,-1,-1
98,-1,146.51,25.251,120.26,362.77,0.61146,-1,-1,-1
98,-1,285.88,193.98,21.974,67.922,-0.44306,-1,-1,-1
99,-1,140.29,28.858,138.29,416.86,0.66102,-1,-1,-1
99,-1,285.88,193.98,21.974,67.922,-0.32734,-1,-1,-1
99,-1,292.02,176.82,29.314,89.943,-0.36547,-1,-1,-1
100,-1,140.29,1,138.29,416.86,0.84236,-1,-1,-1
100,-1,92.896,19.379,90.896,274.69,-0.33722,-1,-1,-1
100,-1,291.29,180.45,25.39,78.17,-0.48842,-1,-1,-1
101,-1,140.29,1,138.29,416.86,0.61359,-1,-1,-1
101,-1,285.88,193.98,21.974,67.922,-0.19691,-1,-1,-1
101,-1,296.57,180.45,25.39,78.17,-0.45587,-1,-1,-1
102,-1,140.29,1,138.29,416.86,0.43539,-1,-1,-1
103,-1,140.29,1,138.29,416.86,0.62725,-1,-1,-1
104,-1,140.29,1,138.29,416.86,0.60005,-1,-1,-1
105,-1,140.29,28.858,138.29,416.86,0.49609,-1,-1,-1
106,-1,140.29,28.858,138.29,416.86,0.52114,-1,-1,-1
106,-1,298.08,176.82,29.314,89.943,-0.44624,-1,-1,-1
107,-1,140.29,28.858,138.29,416.86,0.68215,-1,-1,-1
107,-1,296.57,180.45,25.39,78.17,-0.13057,-1,-1,-1
108,-1,140.29,28.858,138.29,416.86,0.65863,-1,-1,-1
108,-1,296.57,180.45,25.39,78.17,-0.24067,-1,-1,-1
109,-1,140.29,28.858,138.29,416.86,0.72222,-1,-1,-1
109,-1,296.57,185.73,25.39,78.17,0.25434,-1,-1,-1
110,-1,140.29,28.858,138.29,416.86,0.60428,-1,-1,-1
110,-1,296.57,180.45,25.39,78.17,-0.38254,-1,-1,-1
111,-1,140.29,28.858,138.29,416.86,0.57661,-1,-1,-1
111,-1,292.02,176.82,29.314,89.943,-0.34005,-1,-1,-1
112,-1,140.29,28.858,138.29,416.86,0.45948,-1,-1,-1
112,-1,296.57,180.45,25.39,78.17,-0.26783,-1,-1,-1
113,-1,140.29,28.858,138.29,416.86,0.42456,-1,-1,-1
113,-1,276.69,175.6,44.948,136.84,-0.47429,-1,-1,-1
114,-1,140.29,28.858,138.29,416.86,0.45257,-1,-1,-1
115,-1,140.29,28.858,138.29,416.86,0.64558,-1,-1,-1
116,-1,140.29,28.858,138.29,416.86,0.40827,-1,-1,-1
117,-1,140.29,28.858,138.29,416.86,0.57002,-1,-1,-1
118,-1,140.29,28.858,138.29,416.86,0.6758,-1,-1,-1
118,-1,553,193,19,59,-0.34848,-1,-1,-1
119,-1,156.95,26.992,128.96,388.88,0.4722,-1,-1,-1
119,-1,489,153,39,119,-0.11632,-1,-1,-1
120,-1,140.29,28.858,138.29,416.86,0.64866,-1,-1,-1
120,-1,489.73,146.76,41.871,127.61,-0.10171,-1,-1,-1
121,-1,150.29,1,148.29,446.86,0.70158,-1,-1,-1
121,-1,497,153,39,119,0.023947,-1,-1,-1
121,-1,41,161,39,119,-0.49202,-1,-1,-1
122,-1,150.29,1,148.29,446.86,0.3746,-1,-1,-1
122,-1,497,153,39,119,-0.14023,-1,-1,-1
123,-1,156.95,26.992,128.96,388.88,0.29647,-1,-1,-1
123,-1,497,153,39,119,-0.16347,-1,-1,-1
124,-1,140.29,28.858,138.29,416.86,0.19045,-1,-1,-1
124,-1,497,153,39,119,-0.25275,-1,-1,-1
124,-1,295.16,176.36,27.284,83.853,-0.4677,-1,-1,-1
125,-1,170.76,25.251,120.26,362.77,-0.057975,-1,-1,-1
125,-1,497,153,39,119,-0.38274,-1,-1,-1
125,-1,291.29,180.45,25.39,78.17,-0.44522,-1,-1,-1
126,-1,156.95,26.992,128.96,388.88,-0.13676,-1,-1,-1
126,-1,296.57,180.45,25.39,78.17,-0.2549,-1,-1,-1
127,-1,156.95,26.992,128.96,388.88,-0.19361,-1,-1,-1
127,-1,296.57,180.45,25.39,78.17,-0.26577,-1,-1,-1
128,-1,120.43,1,148.29,446.86,-0.22692,-1,-1,-1
128,-1,295.16,176.36,27.284,83.853,-0.24212,-1,-1,-1
128,-1,507.69,196.29,25.39,78.17,-0.34489,-1,-1,-1
129,-1,156.95,26.992,128.96,388.88,-0.2654,-1,-1,-1
129,-1,507.69,196.29,25.39,78.17,-0.3255,-1,-1,-1
130,-1,120.43,1,148.29,446.86,-0.26909,-1,-1,-1
130,-1,295.16,176.36,27.284,83.853,-0.29396,-1,-1,-1
130,-1,507.69,196.29,25.39,78.17,-0.35469,-1,-1,-1
130,-1,84.718,202.91,23.623,72.869,-0.36293,-1,-1,-1
130,-1,541,193,19,59,-0.48023,-1,-1,-1
131,-1,120.43,1,148.29,446.86,-0.061135,-1,-1,-1
131,-1,291.29,185.73,25.39,78.17,-0.28381,-1,-1,-1
131,-1,507.69,196.29,25.39,78.17,-0.39916,-1,-1,-1
131,-1,541,193,19,59,-0.4265,-1,-1,-1
131,-1,67.692,188.95,29.314,89.943,-0.48865,-1,-1,-1
132,-1,541,193,19,59,0.12102,-1,-1,-1
132,-1,140.29,28.858,138.29,416.86,-0.0088499,-1,-1,-1
132,-1,280.74,185.73,25.39,78.17,-0.36298,-1,-1,-1
133,-1,140.29,28.858,138.29,416.86,0.18706,-1,-1,-1
133,-1,74.869,207.83,23.623,72.869,-0.4678,-1,-1,-1
134,-1,170.76,25.251,120.26,362.77,0.12052,-1,-1,-1
134,-1,536.89,189.63,20.435,63.306,0.097966,-1,-1,-1
135,-1,140.29,28.858,138.29,416.86,0.36788,-1,-1,-1
135,-1,295.16,176.36,27.284,83.853,-0.3028,-1,-1,-1
136,-1,140.29,28.858,138.29,416.86,0.7499,-1,-1,-1
136,-1,295.16,176.36,27.284,83.853,-0.46952,-1,-1,-1
137,-1,140.29,28.858,138.29,416.86,0.96792,-1,-1,-1
137,-1,295.16,176.36,27.284,83.853,0.046219,-1,-1,-1
137,-1,532.6,189.63,20.435,63.306,-0.15376,-1,-1,-1
137,-1,73,213,19,59,-0.3677,-1,-1,-1
137,-1,59.058,196.29,25.39,78.17,-0.46076,-1,-1,-1
138,-1,140.29,28.858,138.29,416.86,1.2705,-1,-1,-1
138,-1,533,193,19,59,-0.30754,-1,-1,-1
138,-1,65.327,207.77,21.974,67.922,-0.48595,-1,-1,-1
139,-1,140.29,28.858,138.29,416.86,1.219,-1,-1,-1
139,-1,533,193,19,59,0.037686,-1,-1,-1
139,-1,293,201,19,59,-0.10028,-1,-1,-1
139,-1,292.02,176.82,29.314,89.943,-0.30408,-1,-1,-1
140,-1,140.29,28.858,138.29,416.86,1.1809,-1,-1,-1
140,-1,292.52,198.21,20.435,63.306,-0.1393,-1,-1,-1
140,-1,533,193,19,59,-0.33006,-1,-1,-1
141,-1,156.95,26.992,128.96,388.88,1.1958,-1,-1,-1
141,-1,532.6,189.63,20.435,63.306,0.39384,-1,-1,-1
141,-1,292.52,198.21,20.435,63.306,-0.38204,-1,-1,-1
142,-1,156.95,26.992,128.96,388.88,1.2908,-1,-1,-1
142,-1,533,193,19,59,0.11278,-1,-1,-1
142,-1,296.57,180.45,25.39,78.17,-0.44749,-1,-1,-1
143,-1,140.29,28.858,138.29,416.86,1.3556,-1,-1,-1
143,-1,290.47,193.98,21.974,67.922,-0.25716,-1,-1,-1
143,-1,533,193,19,59,-0.37222,-1,-1,-1
144,-1,156.95,26.992,128.96,388.88,1.4517,-1,-1,-1
144,-1,533,193,19,59,0.095183,-1,-1,-1
144,-1,293,201,19,59,0.087614,-1,-1,-1
144,-1,295.16,176.36,27.284,83.853,-0.22637,-1,-1,-1
145,-1,156.95,26.992,128.96,388.88,1.2238,-1,-1,-1
145,-1,537,193,19,59,0.084865,-1,-1,-1
146,-1,140.29,28.858,138.29,416.86,1.1564,-1,-1,-1
146,-1,295.16,176.36,27.284,83.853,-0.30812,-1,-1,-1
147,-1,156.95,26.992,128.96,388.88,1.2429,-1,-1,-1
147,-1,295.16,176.36,27.284,83.853,0.17639,-1,-1,-1
147,-1,43.224,22.112,104.56,315.68,-0.21213,-1,-1,-1
148,-1,140.29,28.858,138.29,416.86,1.1981,-1,-1,-1
148,-1,46.255,23.627,112.14,338.41,-0.32728,-1,-1,-1
148,-1,292.52,198.21,20.435,63.306,-0.38585,-1,-1,-1
148,-1,295.16,176.36,27.284,83.853,-0.41756,-1,-1,-1
149,-1,156.95,26.992,128.96,388.88,1.1631,-1,-1,-1
149,-1,295.16,176.36,27.284,83.853,0.028184,-1,-1,-1
149,-1,46.255,23.627,112.14,338.41,-0.41401,-1,-1,-1
150,-1,140.29,28.858,138.29,416.86,1.1139,-1,-1,-1
150,-1,64.336,22.112,104.56,315.68,-0.043321,-1,-1,-1
151,-1,140.29,28.858,138.29,416.86,0.83299,-1,-1,-1
152,-1,156.95,26.992,128.96,388.88,0.86699,-1,-1,-1
153,-1,156.95,26.992,128.96,388.88,0.69736,-1,-1,-1
153,-1,81,213,19,59,-0.39118,-1,-1,-1
154,-1,156.95,26.992,128.96,388.88,0.47755,-1,-1,-1
154,-1,497,153,39,119,-0.35903,-1,-1,-1
155,-1,156.95,26.992,128.96,388.88,0.45196,-1,-1,-1
155,-1,497,153,39,119,-0.23615,-1,-1,-1
156,-1,140.29,28.858,138.29,416.86,0.7196,-1,-1,-1
156,-1,489.73,146.76,41.871,127.61,-0.074644,-1,-1,-1
156,-1,529,193,19,59,-0.4904,-1,-1,-1
157,-1,140.29,28.858,138.29,416.86,0.44975,-1,-1,-1
157,-1,489.73,146.76,41.871,127.61,0.36042,-1,-1,-1
157,-1,560.47,74.892,51.78,157.34,-0.39788,-1,-1,-1
158,-1,140.29,28.858,138.29,416.86,0.51204,-1,-1,-1
158,-1,487.49,114.14,55.569,168.71,0.34896,-1,-1,-1
159,-1,140.29,28.858,138.29,416.86,0.63659,-1,-1,-1
159,-1,523.01,183.21,23.623,72.869,-0.10171,-1,-1,-1
159,-1,486.58,127.67,51.78,157.34,-0.24894,-1,-1,-1
160,-1,140.29,28.858,138.29,416.86,0.8643,-1,-1,-1
160,-1,489.73,146.76,41.871,127.61,0.26207,-1,-1,-1
160,-1,523.01,188.13,23.623,72.869,-0.051688,-1,-1,-1
160,-1,283.95,193.92,20.435,63.306,-0.40946,-1,-1,-1
160,-1,488.51,84.573,68.644,207.93,-0.47911,-1,-1,-1
161,-1,156.95,26.992,128.96,388.88,0.91921,-1,-1,-1
161,-1,489.73,146.76,41.871,127.61,0.13149,-1,-1,-1
161,-1,524.03,189.63,20.435,63.306,-0.22211,-1,-1,-1
161,-1,488.51,84.573,68.644,207.93,-0.47917,-1,-1,-1
162,-1,140.29,28.858,138.29,416.86,0.66184,-1,-1,-1
162,-1,524.81,189.39,21.974,67.922,0.16198,-1,-1,-1
162,-1,489.73,146.76,41.871,127.61,-0.0051477,-1,-1,-1
162,-1,488.51,84.573,68.644,207.93,-0.096819,-1,-1,-1
162,-1,65.327,212.36,21.974,67.922,-0.23663,-1,-1,-1
163,-1,150.29,1,148.29,446.86,0.50605,-1,-1,-1
163,-1,487.49,114.14,55.569,168.71,0.095774,-1,-1,-1
164,-1,150.29,1,148.29,446.86,0.51005,-1,-1,-1
164,-1,489.73,146.76,41.871,127.61,0.29831,-1,-1,-1
164,-1,524.03,189.63,20.435,63.306,0.023567,-1,-1,-1
164,-1,48.502,201.57,25.39,78.17,-0.42624,-1,-1,-1
165,-1,140.29,1,138.29,416.86,0.60641,-1,-1,-1
165,-1,488.05,138.84,44.948,136.84,0.23136,-1,-1,-1
165,-1,488.51,84.573,68.644,207.93,-0.44068,-1,-1,-1
166,-1,488.05,138.84,44.948,136.84,0.63382,-1,-1,-1
166,-1,129,1,159,479,0.46992,-1,-1,-1
167,-1,120.43,1,148.29,446.86,0.63748,-1,-1,-1
167,-1,486.58,127.67,51.78,157.34,0.20311,-1,-1,-1
168,-1,120.43,1,148.29,446.86,0.46528,-1,-1,-1
168,-1,489.73,146.76,41.871,127.61,0.38369,-1,-1,-1
168,-1,488.51,84.573,68.644,207.93,-0.44988,-1,-1,-1
169,-1,120.43,1,148.29,446.86,0.43516,-1,-1,-1
169,-1,489.73,146.76,41.871,127.61,0.27965,-1,-1,-1
170,-1,488.05,138.84,44.948,136.84,0.51193,-1,-1,-1
170,-1,129,1,159,479,0.43249,-1,-1,-1
170,-1,488.51,84.573,68.644,207.93,-0.15685,-1,-1,-1
171,-1,120.43,1,148.29,446.86,0.64363,-1,-1,-1
172,-1,120.43,1,148.29,446.86,0.6085,-1,-1,-1
172,-1,549.75,309.67,41.871,127.61,-0.27634,-1,-1,-1
173,-1,120.43,1,148.29,446.86,0.50327,-1,-1,-1
174,-1,120.43,1,148.29,446.86,0.54621,-1,-1,-1
175,-1,129,1,159,479,0.4512,-1,-1,-1
176,-1,150.29,1,148.29,446.86,0.22276,-1,-1,-1
177,-1,120.43,1,148.29,446.86,0.058429,-1,-1,-1
178,-1,120.43,1,148.29,446.86,0.5333,-1,-1,-1
178,-1,486.58,127.67,51.78,157.34,0.24623,-1,-1,-1
179,-1,120.43,1,148.29,446.86,0.24604,-1,-1,-1
179,-1,488.05,138.84,44.948,136.84,0.12826,-1,-1,-1
179,-1,488.51,84.573,68.644,207.93,-0.24383,-1,-1,-1
180,-1,150.29,1,148.29,446.86,0.41213,-1,-1,-1
180,-1,488.05,138.84,44.948,136.84,0.2052,-1,-1,-1
180,-1,488.51,84.573,68.644,207.93,-0.22968,-1,-1,-1
180,-1,35.472,212.76,23.623,72.869,-0.47344,-1,-1,-1
181,-1,120.43,1,148.29,446.86,0.54684,-1,-1,-1
181,-1,488.05,138.84,44.948,136.84,0.32662,-1,-1,-1
181,-1,488.51,84.573,68.644,207.93,-0.028815,-1,-1,-1
182,-1,120.43,1,148.29,446.86,0.56915,-1,-1,-1
182,-1,489.73,146.76,41.871,127.61,0.28624,-1,-1,-1
182,-1,488.51,84.573,68.644,207.93,-0.20348,-1,-1,-1
183,-1,120.43,1,148.29,446.86,0.56708,-1,-1,-1
183,-1,488.05,138.84,44.948,136.84,0.23589,-1,-1,-1
183,-1,488.51,84.573,68.644,207.93,-0.087073,-1,-1,-1
184,-1,150.29,1,148.29,446.86,0.47429,-1,-1,-1
184,-1,488.05,138.84,44.948,136.84,0.098168,-1,-1,-1
184,-1,488.51,84.573,68.644,207.93,-0.30902,-1,-1,-1
185,-1,120.43,1,148.29,446.86,0.63926,-1,-1,-1
185,-1,498.8,187.68,27.284,83.853,-0.25407,-1,-1,-1
185,-1,488.05,138.84,44.948,136.84,-0.30746,-1,-1,-1
186,-1,120.43,1,148.29,446.86,0.59358,-1,-1,-1
186,-1,501.35,182.94,31.49,96.47,-0.29156,-1,-1,-1
186,-1,498.8,102.82,55.569,168.71,-0.32158,-1,-1,-1
187,-1,120.43,1,148.29,446.86,0.63255,-1,-1,-1
187,-1,501.35,182.94,31.49,96.47,-0.10041,-1,-1,-1
187,-1,486.58,127.67,51.78,157.34,-0.42826,-1,-1,-1
187,-1,545,197,19,59,-0.43006,-1,-1,-1
188,-1,120.43,1,148.29,446.86,0.49973,-1,-1,-1
188,-1,501.35,182.94,31.49,96.47,-0.32462,-1,-1,-1
188,-1,488.05,138.84,44.948,136.84,-0.35312,-1,-1,-1
188,-1,498.16,98.006,59.629,180.89,-0.4082,-1,-1,-1
189,-1,120.43,1,148.29,446.86,0.65854,-1,-1,-1
189,-1,501.35,182.94,31.49,96.47,-0.17666,-1,-1,-1
189,-1,544.64,169.9,25.39,78.17,-0.34732,-1,-1,-1
189,-1,486.58,127.67,51.78,157.34,-0.36978,-1,-1,-1
190,-1,120.43,1,148.29,446.86,0.61277,-1,-1,-1
190,-1,488.05,138.84,44.948,136.84,-0.34854,-1,-1,-1
191,-1,120.43,1,148.29,446.86,0.69252,-1,-1,-1
191,-1,488.05,138.84,44.948,136.84,-0.09756,-1,-1,-1
191,-1,544.06,170.71,27.284,83.853,-0.45337,-1,-1,-1
191,-1,494.85,91.972,63.98,193.94,-0.46421,-1,-1,-1
192,-1,120.43,1,148.29,446.86,0.58955,-1,-1,-1
192,-1,488.05,138.84,44.948,136.84,-0.11587,-1,-1,-1
192,-1,494.85,91.972,63.98,193.94,-0.42255,-1,-1,-1
193,-1,120.43,1,148.29,446.86,0.47149,-1,-1,-1
193,-1,488.05,138.84,44.948,136.84,-0.21127,-1,-1,-1
193,-1,498.16,98.006,59.629,180.89,-0.27089,-1,-1,-1
194,-1,120.43,1,148.29,446.86,0.64702,-1,-1,-1
194,-1,488.05,138.84,44.948,136.84,-0.29979,-1,-1,-1
194,-1,544.64,169.9,25.39,78.17,-0.31051,-1,-1,-1
194,-1,498.16,98.006,59.629,180.89,-0.31923,-1,-1,-1
195,-1,120.43,1,148.29,446.86,0.72721,-1,-1,-1
195,-1,498.16,182.89,29.314,89.943,-0.30215,-1,-1,-1
195,-1,528.8,185.73,25.39,78.17,-0.34468,-1,-1,-1
195,-1,486.58,127.67,51.78,157.34,-0.40892,-1,-1,-1
196,-1,120.43,1,148.29,446.86,0.77234,-1,-1,-1
196,-1,488.05,138.84,44.948,136.84,-0.36849,-1,-1,-1
197,-1,120.43,1,148.29,446.86,0.66541,-1,-1,-1
197,-1,489.73,146.76,41.871,127.61,-0.36021,-1,-1,-1
197,-1,527.09,182.02,27.284,83.853,-0.44677,-1,-1,-1
198,-1,120.43,1,148.29,446.86,0.57419,-1,-1,-1
198,-1,528.8,185.73,25.39,78.17,0.094757,-1,-1,-1
198,-1,498.16,182.89,29.314,89.943,-0.42137,-1,-1,-1
199,-1,120.43,1,148.29,446.86,0.72252,-1,-1,-1
199,-1,532.74,182.02,27.284,83.853,-0.2635,-1,-1,-1
199,-1,489.73,146.76,41.871,127.61,-0.30903,-1,-1,-1
200,-1,120.43,1,148.29,446.86,0.57506,-1,-1,-1
200,-1,532.74,182.02,27.284,83.853,0.3336,-1,-1,-1
200,-1,489.73,146.76,41.871,127.61,0.0044421,-1,-1,-1
201,-1,120.43,1,148.29,446.86,0.88986,-1,-1,-1
201,-1,528.47,176.82,29.314,89.943,0.03062,-1,-1,-1
201,-1,489.73,146.76,41.871,127.61,-0.14841,-1,-1,-1
201,-1,481.85,91.972,63.98,193.94,-0.24616,-1,-1,-1
202,-1,528.47,182.89,29.314,89.943,0.43128,-1,-1,-1
202,-1,120.43,1,148.29,446.86,0.43124,-1,-1,-1
202,-1,489.73,146.76,41.871,127.61,0.282,-1,-1,-1
202,-1,23.627,23.627,112.14,338.41,-0.36535,-1,-1,-1
203,-1,136.76,23.627,112.14,338.41,0.39753,-1,-1,-1
203,-1,527.09,182.02,27.284,83.853,0.11563,-1,-1,-1
203,-1,488.05,148.03,44.948,136.84,0.064621,-1,-1,-1
203,-1,97,1,159,479,-0.38466,-1,-1,-1
204,-1,112.43,28.858,138.29,416.86,0.84272,-1,-1,-1
204,-1,527.09,187.68,27.284,83.853,0.11708,-1,-1,-1
204,-1,488.05,148.03,44.948,136.84,-0.10066,-1,-1,-1
205,-1,130.96,26.992,128.96,388.88,0.70705,-1,-1,-1
205,-1,488.05,148.03,44.948,136.84,0.040479,-1,-1,-1
205,-1,527.93,193.06,23.623,72.869,-0.12948,-1,-1,-1
206,-1,112.43,28.858,138.29,416.86,0.84614,-1,-1,-1
206,-1,522.41,182.89,29.314,89.943,0.21529,-1,-1,-1
206,-1,488.05,148.03,44.948,136.84,-0.10881,-1,-1,-1
207,-1,112.43,28.858,138.29,416.86,0.64259,-1,-1,-1
207,-1,521.43,187.68,27.284,83.853,-0.067176,-1,-1,-1
207,-1,498.16,182.89,29.314,89.943,-0.21561,-1,-1,-1
207,-1,489.73,146.76,41.871,127.61,-0.31144,-1,-1,-1
207,-1,481.85,91.972,63.98,193.94,-0.39529,-1,-1,-1
208,-1,112.43,28.858,138.29,416.86,0.51688,-1,-1,-1
208,-1,494.85,182.94,31.49,96.47,-0.12054,-1,-1,-1
208,-1,518.25,185.73,25.39,78.17,-0.29545,-1,-1,-1
208,-1,488.51,84.573,68.644,207.93,-0.39823,-1,-1,-1
209,-1,130.96,26.992,128.96,388.88,0.43057,-1,-1,-1
209,-1,494.85,182.94,31.49,96.47,0.23895,-1,-1,-1
209,-1,481.85,91.972,63.98,193.94,-0.14574,-1,-1,-1
210,-1,146.51,25.251,120.26,362.77,0.62073,-1,-1,-1
210,-1,483.61,138.89,48.246,146.74,0.10119,-1,-1,-1
210,-1,521.43,187.68,27.284,83.853,0.044576,-1,-1,-1
211,-1,146.51,25.251,120.26,362.77,0.71608,-1,-1,-1
211,-1,486.03,98.006,59.629,180.89,-0.13301,-1,-1,-1
211,-1,536.89,189.63,20.435,63.306,-0.18777,-1,-1,-1
212,-1,146.51,49.503,120.26,362.77,1.5414,-1,-1,-1
212,-1,516.34,182.89,29.314,89.943,-0.11641,-1,-1,-1
212,-1,474.58,84.573,68.644,207.93,-0.16043,-1,-1,-1
212,-1,84.573,28.858,138.29,416.86,-0.49686,-1,-1,-1
213,-1,159.39,46.255,112.14,338.41,2.4665,-1,-1,-1
213,-1,516.34,182.89,29.314,89.943,-0.075166,-1,-1,-1
213,-1,481.85,91.972,63.98,193.94,-0.085941,-1,-1,-1
213,-1,97,1,159,479,-0.35156,-1,-1,-1
214,-1,159.39,46.255,112.14,338.41,2.6286,-1,-1,-1
214,-1,532.85,183.21,23.623,72.869,-0.25049,-1,-1,-1
214,-1,129,1,159,479,-0.2802,-1,-1,-1
214,-1,483.61,138.89,48.246,146.74,-0.30398,-1,-1,-1
215,-1,170.76,49.503,120.26,362.77,2.3775,-1,-1,-1
215,-1,478.86,148.03,44.948,136.84,-0.030337,-1,-1,-1
215,-1,528.8,180.45,25.39,78.17,-0.28623,-1,-1,-1
216,-1,170.76,49.503,120.26,362.77,2.1829,-1,-1,-1
216,-1,481.15,146.76,41.871,127.61,-0.035142,-1,-1,-1
216,-1,481.85,91.972,63.98,193.94,-0.25142,-1,-1,-1
217,-1,159.39,46.255,112.14,338.41,2.5463,-1,-1,-1
217,-1,516.34,182.89,29.314,89.943,0.17409,-1,-1,-1
217,-1,481,161,39,119,-0.14767,-1,-1,-1
217,-1,481.85,91.972,63.98,193.94,-0.26727,-1,-1,-1
217,-1,180.14,30.857,148.29,446.86,-0.31814,-1,-1,-1
218,-1,170.76,49.503,120.26,362.77,2.1864,-1,-1,-1
218,-1,478.86,148.03,44.948,136.84,-0.18104,-1,-1,-1
218,-1,474.58,84.573,68.644,207.93,-0.21738,-1,-1,-1
219,-1,182.02,68.882,112.14,338.41,2.1449,-1,-1,-1
219,-1,481.85,91.972,63.98,193.94,-0.17739,-1,-1,-1
220,-1,182.02,68.882,112.14,338.41,1.9993,-1,-1,-1
220,-1,481,169,39,119,0.11548,-1,-1,-1
220,-1,510.28,182.89,29.314,89.943,-0.060363,-1,-1,-1
220,-1,481.85,91.972,63.98,193.94,-0.43863,-1,-1,-1
221,-1,182.02,68.882,112.14,338.41,2.4616,-1,-1,-1
221,-1,478.71,172.68,36.321,110.96,0.51182,-1,-1,-1
221,-1,481.85,91.972,63.98,193.94,0.47098,-1,-1,-1
221,-1,321,33,159,479,0.11935,-1,-1,-1
222,-1,197.98,79.793,97.492,294.47,2.4583,-1,-1,-1
222,-1,504.22,182.89,29.314,89.943,0.33032,-1,-1,-1
222,-1,321,33,159,479,0.2107,-1,-1,-1
222,-1,481.85,91.972,63.98,193.94,-0.11593,-1,-1,-1
223,-1,197.98,79.793,97.492,294.47,2.2771,-1,-1,-1
223,-1,481.85,91.972,63.98,193.94,0.088511,-1,-1,-1
223,-1,329.43,30.857,148.29,446.86,-0.026745,-1,-1,-1
224,-1,203.17,92.896,90.896,274.69,2.2207,-1,-1,-1
224,-1,486.03,98.006,59.629,180.89,0.083646,-1,-1,-1
224,-1,329.43,30.857,148.29,446.86,-0.019379,-1,-1,-1
224,-1,182.94,52.984,128.96,388.88,-0.21643,-1,-1,-1
224,-1,536.89,198.21,20.435,63.306,-0.27802,-1,-1,-1
224,-1,534.53,170.76,29.314,89.943,-0.42393,-1,-1,-1
225,-1,203.17,92.896,90.896,274.69,2.2007,-1,-1,-1
225,-1,321,33,159,479,0.071608,-1,-1,-1
225,-1,533.84,163.45,31.49,96.47,-0.15514,-1,-1,-1
225,-1,481.85,91.972,63.98,193.94,-0.20136,-1,-1,-1
225,-1,182.94,52.984,128.96,388.88,-0.4025,-1,-1,-1
225,-1,544.06,80.196,55.569,168.71,-0.4127,-1,-1,-1
226,-1,223.93,103.89,84.742,256.23,2.4251,-1,-1,-1
226,-1,321,33,159,479,0.36344,-1,-1,-1
226,-1,481.85,91.972,63.98,193.94,0.31523,-1,-1,-1
226,-1,541,197,19,59,0.11072,-1,-1,-1
226,-1,182.02,68.882,112.14,338.41,-0.021469,-1,-1,-1
226,-1,544.06,91.51,55.569,168.71,-0.38026,-1,-1,-1
227,-1,223.93,103.89,84.742,256.23,2.1753,-1,-1,-1
227,-1,335.29,56.715,138.29,416.86,0.88242,-1,-1,-1
227,-1,481.15,163.91,41.871,127.61,0.11976,-1,-1,-1
227,-1,468.86,91.972,63.98,193.94,-0.21676,-1,-1,-1
227,-1,541,197,19,59,-0.42763,-1,-1,-1
228,-1,223.93,103.89,84.742,256.23,2.2207,-1,-1,-1
228,-1,321,33,159,479,0.8123,-1,-1,-1
228,-1,481,169,39,119,0.22317,-1,-1,-1
228,-1,549.92,85.449,51.78,157.34,-0.34428,-1,-1,-1
228,-1,468.86,91.972,63.98,193.94,-0.39219,-1,-1,-1
228,-1,33,1,159,479,-0.49754,-1,-1,-1
229,-1,251.72,112.43,68.644,207.93,2.0604,-1,-1,-1
229,-1,335.29,56.715,138.29,416.86,0.69839,-1,-1,-1
229,-1,481,177,39,119,0.19643,-1,-1,-1
229,-1,217.68,79.793,97.492,294.47,0.16308,-1,-1,-1
229,-1,35.297,1,170.48,513.45,-0.34041,-1,-1,-1
229,-1,473.9,98.006,59.629,180.89,-0.38445,-1,-1,-1
229,-1,532.6,138.19,41.871,127.61,-0.41609,-1,-1,-1
230,-1,241,97,79,239,1.8059,-1,-1,-1
230,-1,335.29,56.715,138.29,416.86,0.85211,-1,-1,-1
230,-1,481,177,39,119,0.21533,-1,-1,-1
230,-1,35.297,1,170.48,513.45,0.0357,-1,-1,-1
230,-1,473.9,110.13,59.629,180.89,-0.26163,-1,-1,-1
230,-1,537,145,39,119,-0.29814,-1,-1,-1
230,-1,513,185,39,119,-0.29832,-1,-1,-1
231,-1,254.78,105.5,73.643,222.93,2.1049,-1,-1,-1
231,-1,455.43,163.91,41.871,127.61,1.3697,-1,-1,-1
231,-1,335.29,56.715,138.29,416.86,1.3227,-1,-1,-1
231,-1,481,177,39,119,0.35559,-1,-1,-1
231,-1,35.297,1,170.48,513.45,0.031178,-1,-1,-1
231,-1,473.9,110.13,59.629,180.89,-0.10015,-1,-1,-1
231,-1,217.68,60.095,97.492,294.47,-0.44557,-1,-1,-1
231,-1,581,229,19,59,-0.44714,-1,-1,-1
231,-1,515.45,181.06,41.871,127.61,-0.48646,-1,-1,-1
232,-1,254.78,105.5,73.643,222.93,1.7672,-1,-1,-1
232,-1,335.29,56.715,138.29,416.86,1.2891,-1,-1,-1
232,-1,455.43,163.91,41.871,127.61,1.109,-1,-1,-1
232,-1,489,177,39,119,0.2136,-1,-1,-1
232,-1,217.68,79.793,97.492,294.47,0.10497,-1,-1,-1
232,-1,170.76,146.51,59.629,180.89,-0.2977,-1,-1,-1
232,-1,494.85,91.972,63.98,193.94,-0.34623,-1,-1,-1
232,-1,30.857,30.857,148.29,446.86,-0.4072,-1,-1,-1
232,-1,557,205,19,59,-0.43071,-1,-1,-1
232,-1,138.19,86.742,84.742,256.23,-0.47331,-1,-1,-1
232,-1,539.36,117.12,51.78,157.34,-0.49253,-1,-1,-1
233,-1,257,113,79,239,2.0226,-1,-1,-1
233,-1,335.29,56.715,138.29,416.86,1.2323,-1,-1,-1
233,-1,464.01,163.91,41.871,127.61,0.2858,-1,-1,-1
233,-1,498.3,163.91,41.871,127.61,0.086407,-1,-1,-1
233,-1,494.85,91.972,63.98,193.94,-0.02438,-1,-1,-1
233,-1,35.297,1,170.48,513.45,-0.12907,-1,-1,-1
234,-1,258.23,103.89,84.742,256.23,1.9673,-1,-1,-1
234,-1,364.89,78.976,128.96,388.88,0.98819,-1,-1,-1
234,-1,506.88,163.91,41.871,127.61,0.27531,-1,-1,-1
234,-1,494.85,91.972,63.98,193.94,-0.31386,-1,-1,-1
234,-1,35.297,1,170.48,513.45,-0.34012,-1,-1,-1
234,-1,230.74,157.22,44.948,136.84,-0.48711,-1,-1,-1
235,-1,269.71,105.5,73.643,222.93,1.8655,-1,-1,-1
235,-1,364.89,78.976,128.96,388.88,1.2206,-1,-1,-1
235,-1,241,161,39,119,-0.10822,-1,-1,-1
235,-1,520.84,189.44,31.49,96.47,-0.14605,-1,-1,-1
235,-1,56.715,28.858,138.29,416.86,-0.14637,-1,-1,-1
235,-1,502.44,84.573,68.644,207.93,-0.16502,-1,-1,-1
235,-1,572.25,193.06,23.623,72.869,-0.2531,-1,-1,-1
235,-1,549.92,117.12,51.78,157.34,-0.27974,-1,-1,-1
236,-1,284.64,105.5,73.643,222.93,2.201,-1,-1,-1
236,-1,363.15,56.715,138.29,416.86,0.90652,-1,-1,-1
236,-1,527.34,182.94,31.49,96.47,0.59604,-1,-1,-1
236,-1,56.715,28.858,138.29,416.86,-0.11285,-1,-1,-1
236,-1,515.62,157.22,44.948,136.84,-0.21935,-1,-1,-1
236,-1,14.929,112.43,68.644,207.93,-0.23453,-1,-1,-1
236,-1,502.44,84.573,68.644,207.93,-0.33682,-1,-1,-1
236,-1,572.83,169.95,31.49,96.47,-0.3785,-1,-1,-1
236,-1,560.47,117.12,51.78,157.34,-0.4879,-1,-1,-1
237,-1,293.5,112.43,68.644,207.93,2.8201,-1,-1,-1
237,-1,390.88,78.976,128.96,388.88,1.2014,-1,-1,-1
237,-1,276.78,79.793,97.492,294.47,-0.15913,-1,-1,-1
237,-1,575.47,138.19,41.871,127.61,-0.20604,-1,-1,-1
237,-1,529,177,39,119,-0.29089,-1,-1,-1
237,-1,15.929,120.43,73.643,222.93,-0.40963,-1,-1,-1
238,-1,299.57,105.5,73.643,222.93,2.6762,-1,-1,-1
238,-1,390.88,78.976,128.96,388.88,1.4277,-1,-1,-1
238,-1,25.251,122.26,59.629,180.89,0.30587,-1,-1,-1
238,-1,90.571,30.857,148.29,446.86,-0.049518,-1,-1,-1
238,-1,591.95,193.06,23.623,72.869,-0.16071,-1,-1,-1
238,-1,233,153,39,119,-0.2529,-1,-1,-1
239,-1,307.43,112.43,68.644,207.93,2.6162,-1,-1,-1
239,-1,413.27,98.006,120.26,362.77,1.0292,-1,-1,-1
239,-1,39.988,117.96,63.98,193.94,0.17146,-1,-1,-1
239,-1,90.571,30.857,148.29,446.86,-0.14424,-1,-1,-1
239,-1,257,161,39,119,-0.46089,-1,-1,-1
240,-1,307.43,112.43,68.644,207.93,2.8501,-1,-1,-1
240,-1,416.87,78.976,128.96,388.88,1.3995,-1,-1,-1
240,-1,49.503,110.13,59.629,180.89,0.29209,-1,-1,-1
240,-1,249.65,155.34,41.871,127.61,-0.057937,-1,-1,-1
240,-1,97,33,159,479,-0.078047,-1,-1,-1
240,-1,35.297,86.742,84.742,256.23,-0.32202,-1,-1,-1
241,-1,312.9,117.96,63.98,193.94,2.5837,-1,-1,-1
241,-1,416.87,78.976,128.96,388.88,1.4988,-1,-1,-1
241,-1,52.984,104.97,63.98,193.94,0.1238,-1,-1,-1
241,-1,389.02,170.76,29.314,89.943,-0.34357,-1,-1,-1
241,-1,295.07,92.896,90.896,274.69,-0.47551,-1,-1,-1
242,-1,312.9,117.96,63.98,193.94,1.6849,-1,-1,-1
242,-1,437.53,98.006,120.26,362.77,1.1561,-1,-1,-1
242,-1,65.98,104.97,63.98,193.94,0.17244,-1,-1,-1
242,-1,386.84,138.19,41.871,127.61,-0.30556,-1,-1,-1
242,-1,223.93,181.06,41.871,127.61,-0.36728,-1,-1,-1
243,-1,312.9,117.96,63.98,193.94,1.5428,-1,-1,-1
243,-1,442.87,78.976,128.96,388.88,0.74865,-1,-1,-1
243,-1,65.98,104.97,63.98,193.94,0.15209,-1,-1,-1
243,-1,391.32,176.36,27.284,83.853,-0.16709,-1,-1,-1
243,-1,386.84,138.19,41.871,127.61,-0.18518,-1,-1,-1
243,-1,112.43,28.858,138.29,416.86,-0.28065,-1,-1,-1
244,-1,314.5,105.5,73.643,222.93,1.5914,-1,-1,-1
244,-1,418.86,84.573,138.29,416.86,0.19085,-1,-1,-1
244,-1,97,1,159,479,0.0034148,-1,-1,-1
244,-1,389.02,170.76,29.314,89.943,-0.2015,-1,-1,-1
244,-1,233.23,148.78,51.78,157.34,-0.27218,-1,-1,-1
244,-1,386.84,138.19,41.871,127.61,-0.30725,-1,-1,-1
245,-1,325.9,117.96,63.98,193.94,1.7368,-1,-1,-1
245,-1,292.52,86.742,84.742,256.23,0.10413,-1,-1,-1
245,-1,120.43,30.857,148.29,446.86,0.06303,-1,-1,-1
245,-1,418.86,84.573,138.29,416.86,-0.0072278,-1,-1,-1
245,-1,389.02,176.82,29.314,89.943,-0.074364,-1,-1,-1
246,-1,325.9,117.96,63.98,193.94,1.8622,-1,-1,-1
246,-1,391.32,176.36,27.284,83.853,0.080848,-1,-1,-1
246,-1,97,33,159,479,0.070922,-1,-1,-1
246,-1,293.5,112.43,68.644,207.93,-0.11997,-1,-1,-1
246,-1,223.93,52.445,84.742,256.23,-0.12962,-1,-1,-1
246,-1,453.55,91.51,112.14,338.41,-0.14901,-1,-1,-1
246,-1,409,169,39,119,-0.31022,-1,-1,-1
246,-1,1,156.95,31.49,96.47,-0.37874,-1,-1,-1
247,-1,325.9,117.96,63.98,193.94,1.624,-1,-1,-1
247,-1,385.67,176.36,27.284,83.853,0.72306,-1,-1,-1
247,-1,225,65,79,239,0.016567,-1,-1,-1
247,-1,409,161,39,119,-0.0020828,-1,-1,-1
247,-1,442.87,78.976,128.96,388.88,-0.075407,-1,-1,-1
247,-1,293.5,112.43,68.644,207.93,-0.083267,-1,-1,-1
247,-1,120.43,30.857,148.29,446.86,-0.11107,-1,-1,-1
248,-1,307.43,112.43,68.644,207.93,1.7468,-1,-1,-1
248,-1,409,161,39,119,0.36723,-1,-1,-1
248,-1,385.67,176.36,27.284,83.853,0.30288,-1,-1,-1
248,-1,461.78,73.754,120.26,362.77,0.24781,-1,-1,-1
248,-1,224.93,75.643,73.643,222.93,0.14472,-1,-1,-1
248,-1,129,33,159,479,-0.033544,-1,-1,-1
248,-1,378.26,138.19,41.871,127.61,-0.12824,-1,-1,-1
248,-1,285.95,170.76,29.314,89.943,-0.4218,-1,-1,-1
249,-1,316.27,122.26,59.629,180.89,1.6042,-1,-1,-1
249,-1,409,169,39,119,0.80043,-1,-1,-1
249,-1,140.29,28.858,138.29,416.86,0.41266,-1,-1,-1
249,-1,476.18,91.51,112.14,338.41,0.38315,-1,-1,-1
249,-1,309.67,86.742,84.742,256.23,-0.075167,-1,-1,-1
249,-1,378.26,138.19,41.871,127.61,-0.28299,-1,-1,-1
250,-1,321.36,112.43,68.644,207.93,1.9818,-1,-1,-1
250,-1,409,169,39,119,1.2515,-1,-1,-1
250,-1,140.29,28.858,138.29,416.86,0.47982,-1,-1,-1
250,-1,390.88,169.95,31.49,96.47,0.22865,-1,-1,-1
250,-1,478.86,166.41,90.896,274.69,0.2158,-1,-1,-1
250,-1,396.98,125.45,55.569,168.71,-0.29981,-1,-1,-1
250,-1,468.86,78.976,128.96,388.88,-0.41733,-1,-1,-1
251,-1,325.9,117.96,63.98,193.94,2.5316,-1,-1,-1
251,-1,412.56,163.91,41.871,127.61,1.6811,-1,-1,-1
251,-1,150.29,30.857,148.29,446.86,0.41032,-1,-1,-1
251,-1,493.46,158.59,97.492,294.47,0.32139,-1,-1,-1
251,-1,455.86,130.96,63.98,193.94,-7.8079e-06,-1,-1,-1
251,-1,386.84,138.19,41.871,127.61,-0.10107,-1,-1,-1
251,-1,119.19,138.89,48.246,146.74,-0.25468,-1,-1,-1
251,-1,390.88,91.972,63.98,193.94,-0.48704,-1,-1,-1
251,-1,106.56,264.9,51.78,157.34,-0.49929,-1,-1,-1
252,-1,328.39,122.26,59.629,180.89,3.0756,-1,-1,-1
252,-1,417,169,39,119,1.7187,-1,-1,-1
252,-1,150.29,30.857,148.29,446.86,0.7762,-1,-1,-1
252,-1,493.46,158.59,97.492,294.47,0.6645,-1,-1,-1
252,-1,344.36,105.5,73.643,222.93,0.27875,-1,-1,-1
252,-1,461.78,146.51,59.629,180.89,0.22419,-1,-1,-1
252,-1,396.98,125.45,55.569,168.71,-0.12965,-1,-1,-1
253,-1,340.41,136.76,55.569,168.71,2.3927,-1,-1,-1
253,-1,417,169,39,119,1.2409,-1,-1,-1
253,-1,461.78,146.51,59.629,180.89,1.1805,-1,-1,-1
253,-1,337,113,79,239,0.41512,-1,-1,-1
253,-1,150.29,30.857,148.29,446.86,0.30137,-1,-1,-1
253,-1,513.16,178.28,97.492,294.47,-0.12438,-1,-1,-1
253,-1,401.15,122.26,59.629,180.89,-0.32757,-1,-1,-1
254,-1,340.52,134.38,59.629,180.89,2.5152,-1,-1,-1
254,-1,414.53,166.41,44.948,136.84,1.1292,-1,-1,-1
254,-1,464.86,148.08,55.569,168.71,1.0811,-1,-1,-1
254,-1,449,81,79,239,-0.075254,-1,-1,-1
254,-1,326.82,103.89,84.742,256.23,-0.22547,-1,-1,-1
254,-1,161,33,159,479,-0.40051,-1,-1,-1
255,-1,340.52,134.38,59.629,180.89,2.6542,-1,-1,-1
255,-1,117.12,148.78,51.78,157.34,0.49477,-1,-1,-1
255,-1,196,56.715,138.29,416.86,0.46042,-1,-1,-1
255,-1,414.53,166.41,44.948,136.84,0.37576,-1,-1,-1
255,-1,486.58,169.9,51.78,157.34,0.16447,-1,-1,-1
255,-1,444.35,169.9,51.78,157.34,-0.01991,-1,-1,-1
255,-1,57,161,39,119,-0.038398,-1,-1,-1
255,-1,326.82,103.89,84.742,256.23,-0.14772,-1,-1,-1
255,-1,446.72,98.502,68.644,207.93,-0.46181,-1,-1,-1
255,-1,393,161,39,119,-0.48767,-1,-1,-1
256,-1,340.41,136.76,55.569,168.71,2.1931,-1,-1,-1
256,-1,91.51,136.76,55.569,168.71,1.5577,-1,-1,-1
256,-1,412.56,172.48,41.871,127.61,0.41864,-1,-1,-1
256,-1,337,113,79,239,0.31936,-1,-1,-1
256,-1,196,56.715,138.29,416.86,0.30223,-1,-1,-1
256,-1,497.24,166.41,44.948,136.84,0.12008,-1,-1,-1
256,-1,419,90.571,73.643,222.93,-0.030709,-1,-1,-1
256,-1,473,201,39,119,-0.38946,-1,-1,-1
257,-1,351.72,136.76,55.569,168.71,1.6746,-1,-1,-1
257,-1,91.51,136.76,55.569,168.71,1.3624,-1,-1,-1
257,-1,196,56.715,138.29,416.86,0.3125,-1,-1,-1
257,-1,337,113,79,239,0.10247,-1,-1,-1
257,-1,412.56,86.742,84.742,256.23,-0.074084,-1,-1,-1
257,-1,493.46,168.44,48.246,146.74,-0.20755,-1,-1,-1
258,-1,340.52,134.38,59.629,180.89,2.2706,-1,-1,-1
258,-1,180.14,30.857,148.29,446.86,1.3228,-1,-1,-1
258,-1,416.87,130.96,63.98,193.94,1.1055,-1,-1,-1
258,-1,61.629,134.38,59.629,180.89,0.9238,-1,-1,-1
258,-1,493.46,168.44,48.246,146.74,0.57821,-1,-1,-1
258,-1,299.57,90.571,73.643,222.93,-0.20546,-1,-1,-1
258,-1,326.82,103.89,84.742,256.23,-0.46309,-1,-1,-1
259,-1,340.41,136.76,55.569,168.71,2.4185,-1,-1,-1
259,-1,180.14,30.857,148.29,446.86,1.2324,-1,-1,-1
259,-1,404.07,120.43,73.643,222.93,1.1402,-1,-1,-1
259,-1,493.46,168.44,48.246,146.74,0.5206,-1,-1,-1
259,-1,49.503,134.38,59.629,180.89,0.006867,-1,-1,-1
259,-1,337,113,79,239,-0.18903,-1,-1,-1
260,-1,385,129,79,239,1.854,-1,-1,-1
260,-1,335.29,126.36,68.644,207.93,1.5379,-1,-1,-1
260,-1,161,33,159,479,1.028,-1,-1,-1
260,-1,12.314,125.45,55.569,168.71,-0.10497,-1,-1,-1
260,-1,486.58,169.9,51.78,157.34,-0.34602,-1,-1,-1
261,-1,369,129,79,239,2.278,-1,-1,-1
261,-1,329.1,148.08,55.569,168.71,2.128,-1,-1,-1
261,-1,150.29,30.857,148.29,446.86,0.90175,-1,-1,-1
261,-1,321,113,79,239,-0.28233,-1,-1,-1
261,-1,340.41,114.14,112.14,338.41,-0.48798,-1,-1,-1
262,-1,343.97,121.04,84.742,256.23,1.6981,-1,-1,-1
262,-1,150.29,30.857,148.29,446.86,0.70193,-1,-1,-1
262,-1,306.47,148.08,55.569,168.71,-0.13154,-1,-1,-1
263,-1,326.82,121.04,84.742,256.23,1.5339,-1,-1,-1
263,-1,120.43,30.857,148.29,446.86,0.53737,-1,-1,-1
263,-1,385.67,159.39,55.569,168.71,-0.27964,-1,-1,-1
264,-1,309.67,121.04,84.742,256.23,2.2645,-1,-1,-1
264,-1,120.43,30.857,148.29,446.86,0.55216,-1,-1,-1
264,-1,381.02,159.34,51.78,157.34,0.34394,-1,-1,-1
265,-1,276.78,99.492,97.492,294.47,2.0539,-1,-1,-1
265,-1,370.46,159.34,51.78,157.34,1.048,-1,-1,-1
265,-1,120.43,30.857,148.29,446.86,0.13339,-1,-1,-1
266,-1,275.37,121.04,84.742,256.23,1.6031,-1,-1,-1
266,-1,370.46,159.34,51.78,157.34,0.83982,-1,-1,-1
266,-1,97,33,159,479,-0.047403,-1,-1,-1
266,-1,344.36,105.5,73.643,222.93,-0.49975,-1,-1,-1
267,-1,317.68,138.23,51.78,157.34,2.8957,-1,-1,-1
267,-1,359.91,148.78,51.78,157.34,1.5873,-1,-1,-1
267,-1,276.69,111.28,90.896,274.69,0.81873,-1,-1,-1
267,-1,227.27,68.882,112.14,338.41,0.52547,-1,-1,-1
267,-1,120.43,30.857,148.29,446.86,-0.2381,-1,-1,-1
268,-1,317.68,138.23,51.78,157.34,2.5038,-1,-1,-1
268,-1,352.65,134.38,59.629,180.89,1.269,-1,-1,-1
268,-1,276.69,111.28,90.896,274.69,-0.027801,-1,-1,-1
268,-1,97,1,159,479,-0.095978,-1,-1,-1
268,-1,204.65,68.882,112.14,338.41,-0.18056,-1,-1,-1
269,-1,317.68,127.67,51.78,157.34,2.2138,-1,-1,-1
269,-1,351.72,136.76,55.569,168.71,1.684,-1,-1,-1
269,-1,120.43,30.857,148.29,446.86,-0.22997,-1,-1,-1
270,-1,340.41,114.14,55.569,168.71,1.2451,-1,-1,-1
270,-1,306.47,102.82,55.569,168.71,0.91111,-1,-1,-1
270,-1,97,-31,159,479,-0.35869,-1,-1,-1
270,-1,314.5,75.643,73.643,222.93,-0.48836,-1,-1,-1
271,-1,328.39,85.88,59.629,180.89,1.7833,-1,-1,-1
271,-1,295.16,80.196,55.569,168.71,0.017788,-1,-1,-1
272,-1,312.9,39.988,63.98,193.94,1.2999,-1,-1,-1
272,-1,281,81,39,119,-0.25918,-1,-1,-1
273,-1,267.5,65.327,44.948,136.84,1.3149,-1,-1,-1
273,-1,312.9,39.988,63.98,193.94,0.78303,-1,-1,-1
273,-1,368.58,56.138,44.948,136.84,-0.39763,-1,-1,-1
274,-1,307.43,56.715,68.644,207.93,0.78314,-1,-1,-1
274,-1,267.5,83.706,44.948,136.84,0.5055,-1,-1,-1
275,-1,267.5,102.09,44.948,136.84,1.1784,-1,-1,-1
275,-1,293.5,70.644,68.644,207.93,0.64414,-1,-1,-1
275,-1,65,-31,159,479,-0.093968,-1,-1,-1
275,-1,359.91,74.892,51.78,157.34,-0.12487,-1,-1,-1
275,-1,241,105,39,119,-0.44215,-1,-1,-1
276,-1,267.5,129.65,44.948,136.84,0.36334,-1,-1,-1
276,-1,60.714,1,148.29,446.86,0.094277,-1,-1,-1
276,-1,309.67,181.06,41.871,127.61,-0.16576,-1,-1,-1
276,-1,292.02,98.006,59.629,180.89,-0.18748,-1,-1,-1
276,-1,369,65,79,239,-0.46313,-1,-1,-1
277,-1,279.58,112.43,68.644,207.93,0.58244,-1,-1,-1
277,-1,56.715,28.858,138.29,416.86,0.47279,-1,-1,-1
277,-1,249.65,146.76,41.871,127.61,0.29044,-1,-1,-1
277,-1,25,281,39,119,-0.37806,-1,-1,-1
277,-1,201.57,127.67,51.78,157.34,-0.45676,-1,-1,-1
277,-1,43.224,-41.224,210.12,632.36,-0.47842,-1,-1,-1
278,-1,285.88,193.98,44.948,136.84,1.1279,-1,-1,-1
278,-1,265.65,112.43,68.644,207.93,0.88892,-1,-1,-1
278,-1,56.715,28.858,138.29,416.86,0.84954,-1,-1,-1
278,-1,232.5,146.76,41.871,127.61,0.51307,-1,-1,-1
278,-1,180.14,105.5,73.643,222.93,0.42365,-1,-1,-1
278,-1,40.397,-38.397,195.98,589.95,-0.21721,-1,-1,-1
279,-1,30.857,30.857,148.29,446.86,1.6226,-1,-1,-1
279,-1,251.72,126.36,68.644,207.93,0.61512,-1,-1,-1
279,-1,168.15,140.29,68.644,207.93,0.16139,-1,-1,-1
279,-1,307.13,138.23,51.78,157.34,0.020846,-1,-1,-1
280,-1,168.15,140.29,68.644,207.93,0.8659,-1,-1,-1
280,-1,295.07,157.22,44.948,136.84,0.71528,-1,-1,-1
280,-1,1,30.857,148.29,446.86,0.61954,-1,-1,-1
280,-1,257.08,207.83,48.246,146.74,0.40155,-1,-1,-1
280,-1,239.86,135.36,73.643,222.93,0.16687,-1,-1,-1
280,-1,129,129,79,239,-0.47172,-1,-1,-1
281,-1,264.9,127.67,51.78,157.34,1.1593,-1,-1,-1
281,-1,143.96,130.96,63.98,193.94,1.014,-1,-1,-1
281,-1,189.63,103.89,84.742,256.23,0.62933,-1,-1,-1
281,-1,532.85,60.095,97.492,294.47,0.49867,-1,-1,-1
281,-1,337,201,39,119,-0.4813,-1,-1,-1
282,-1,258.31,148.03,44.948,136.84,2.2275,-1,-1,-1
282,-1,155.34,103.89,84.742,256.23,1.1158,-1,-1,-1
282,-1,513,161,79,239,0.13934,-1,-1,-1
282,-1,129.04,138.89,48.246,146.74,0.0087096,-1,-1,-1
282,-1,247.92,117.96,63.98,193.94,-0.27443,-1,-1,-1
282,-1,498.8,68.882,112.14,338.41,-0.41389,-1,-1,-1
283,-1,264.9,148.78,51.78,157.34,1.7261,-1,-1,-1
283,-1,138.89,99.492,97.492,294.47,0.53916,-1,-1,-1
283,-1,109.34,168.44,48.246,146.74,0.25025,-1,-1,-1
283,-1,289,97,79,239,-0.048795,-1,-1,-1
284,-1,276.78,158.59,48.246,146.74,1.3153,-1,-1,-1
284,-1,148.03,111.28,90.896,274.69,0.78625,-1,-1,-1
284,-1,106.56,159.34,51.78,157.34,0.204,-1,-1,-1
284,-1,305,81,79,239,-0.035195,-1,-1,-1
284,-1,361,297,39,119,-0.47635,-1,-1,-1
285,-1,158.59,99.492,97.492,294.47,1.3666,-1,-1,-1
285,-1,286.01,148.78,51.78,157.34,0.54602,-1,-1,-1
285,-1,117.12,159.34,51.78,157.34,-0.16875,-1,-1,-1
285,-1,241,177,39,119,-0.25549,-1,-1,-1
285,-1,305,81,79,239,-0.26692,-1,-1,-1
286,-1,166.41,111.28,90.896,274.69,1.2203,-1,-1,-1
286,-1,306.32,158.59,48.246,146.74,0.86721,-1,-1,-1
286,-1,321,81,79,239,0.038578,-1,-1,-1
286,-1,249.65,172.48,41.871,127.61,0.032847,-1,-1,-1
286,-1,1,52.984,128.96,388.88,-0.12279,-1,-1,-1
286,-1,156.95,26.992,128.96,388.88,-0.1788,-1,-1,-1
286,-1,127.67,169.9,51.78,157.34,-0.27808,-1,-1,-1
286,-1,364.77,73.754,120.26,362.77,-0.42296,-1,-1,-1
287,-1,178.28,99.492,97.492,294.47,1.1756,-1,-1,-1
287,-1,389.02,73.754,120.26,362.77,0.37227,-1,-1,-1
287,-1,258.31,166.41,44.948,136.84,0.35636,-1,-1,-1
287,-1,313.45,166.41,44.948,136.84,0.20945,-1,-1,-1
287,-1,125.45,159.39,55.569,168.71,0.091855,-1,-1,-1
287,-1,337,81,79,239,0.056639,-1,-1,-1
287,-1,1,30.857,148.29,446.86,-0.3214,-1,-1,-1
288,-1,178.28,99.492,97.492,294.47,1.2963,-1,-1,-1
288,-1,275.37,172.48,41.871,127.61,0.92266,-1,-1,-1
288,-1,391.01,56.715,138.29,416.86,0.5821,-1,-1,-1
288,-1,335.87,60.095,97.492,294.47,0.56057,-1,-1,-1
288,-1,255.64,134.38,59.629,180.89,0.1972,-1,-1,-1
288,-1,125.45,159.39,55.569,168.71,0.043028,-1,-1,-1
288,-1,1,322.64,44.948,136.84,-0.40177,-1,-1,-1
289,-1,368.58,56.138,90.896,274.69,0.6296,-1,-1,-1
289,-1,182.02,91.51,112.14,338.41,0.57255,-1,-1,-1
289,-1,289,185,39,119,0.50261,-1,-1,-1
289,-1,418.86,56.715,138.29,416.86,0.49022,-1,-1,-1
289,-1,148.08,159.39,55.569,168.71,0.41946,-1,-1,-1
289,-1,343.97,172.48,41.871,127.61,-0.14589,-1,-1,-1
289,-1,265.65,126.36,68.644,207.93,-0.15306,-1,-1,-1
289,-1,1,56.715,138.29,416.86,-0.32965,-1,-1,-1
289,-1,338.9,52.984,128.96,388.88,-0.40506,-1,-1,-1
290,-1,146.51,158.63,59.629,180.89,1.2147,-1,-1,-1
290,-1,279.89,146.51,59.629,180.89,0.84792,-1,-1,-1
290,-1,204.65,91.51,112.14,338.41,0.43445,-1,-1,-1
290,-1,446.72,56.715,138.29,416.86,0.36753,-1,-1,-1
290,-1,381.02,64.336,104.56,315.68,0.33901,-1,-1,-1
290,-1,1,78.976,128.96,388.88,-0.018259,-1,-1,-1
290,-1,289,113,79,239,-0.17304,-1,-1,-1
290,-1,593,209,39,119,-0.49147,-1,-1,-1
291,-1,158.63,158.63,59.629,180.89,1.0298,-1,-1,-1
291,-1,299.91,143.96,63.98,193.94,0.81822,-1,-1,-1
291,-1,204.65,91.51,112.14,338.41,0.70974,-1,-1,-1
291,-1,28.858,56.715,138.29,416.86,0.47838,-1,-1,-1
291,-1,402.13,43.224,104.56,315.68,0.095937,-1,-1,-1
291,-1,375.27,168.44,48.246,146.74,-0.18543,-1,-1,-1
291,-1,478.71,30.857,148.29,446.86,-0.1859,-1,-1,-1
292,-1,328.24,169.9,51.78,157.34,1.1957,-1,-1,-1
292,-1,413.27,49.503,120.26,362.77,0.78943,-1,-1,-1
292,-1,30.857,30.857,148.29,446.86,0.76569,-1,-1,-1
292,-1,219.26,73.754,120.26,362.77,0.4944,-1,-1,-1
292,-1,170.76,158.63,59.629,180.89,0.28384,-1,-1,-1
292,-1,305,113,79,239,0.24111,-1,-1,-1
292,-1,377.89,130.96,63.98,193.94,-0.15149,-1,-1,-1
292,-1,561.56,285.88,44.948,136.84,-0.32303,-1,-1,-1
293,-1,340.52,158.63,59.629,180.89,2.1186,-1,-1,-1
293,-1,416.87,26.992,128.96,388.88,1.0847,-1,-1,-1
293,-1,30.857,30.857,148.29,446.86,1.0618,-1,-1,-1
293,-1,219.26,73.754,120.26,362.77,0.75812,-1,-1,-1
293,-1,309.67,103.89,84.742,256.23,-0.12093,-1,-1,-1
293,-1,559.83,91.972,63.98,193.94,-0.45197,-1,-1,-1
294,-1,352.65,158.63,59.629,180.89,2.3801,-1,-1,-1
294,-1,56.715,56.715,138.29,416.86,1.0723,-1,-1,-1
294,-1,442.87,26.992,128.96,388.88,0.92923,-1,-1,-1
294,-1,243.51,73.754,120.26,362.77,0.69507,-1,-1,-1
294,-1,30.547,138.89,48.246,146.74,-0.40882,-1,-1,-1
295,-1,364.77,158.63,59.629,180.89,1.0886,-1,-1,-1
295,-1,234.93,52.984,128.96,388.88,0.8712,-1,-1,-1
295,-1,60.714,30.857,148.29,446.86,0.62821,-1,-1,-1
295,-1,448.86,1,148.29,446.86,0.39847,-1,-1,-1
295,-1,209,185,39,119,0.16113,-1,-1,-1
295,-1,419.59,207.83,23.623,72.869,-0.43055,-1,-1,-1
295,-1,401,65,79,239,-0.45199,-1,-1,-1
296,-1,376.9,158.63,59.629,180.89,1.258,-1,-1,-1
296,-1,217,193,39,119,1.0954,-1,-1,-1
296,-1,84.573,56.715,138.29,416.86,0.8182,-1,-1,-1
296,-1,239.86,30.857,148.29,446.86,0.52444,-1,-1,-1
296,-1,476.18,23.627,112.14,338.41,0.26975,-1,-1,-1
296,-1,378.26,103.89,84.742,256.23,-0.16472,-1,-1,-1
296,-1,449,1,159,479,-0.29905,-1,-1,-1
297,-1,391.01,140.29,68.644,207.93,1.4943,-1,-1,-1
297,-1,84.573,56.715,138.29,416.86,1.0851,-1,-1,-1
297,-1,239.86,30.857,148.29,446.86,1.0647,-1,-1,-1
297,-1,12.314,125.45,55.569,168.71,0.44727,-1,-1,-1
297,-1,217,185,39,119,0.29124,-1,-1,-1
297,-1,478.71,1,148.29,446.86,0.084119,-1,-1,-1
297,-1,457,193,39,119,0.082289,-1,-1,-1
298,-1,401.15,158.63,59.629,180.89,1.3027,-1,-1,-1
298,-1,104.97,78.976,128.96,388.88,0.63303,-1,-1,-1
298,-1,225,1,159,479,0.25908,-1,-1,-1
298,-1,465,193,39,119,-0.16854,-1,-1,-1
298,-1,549.75,206.78,84.742,256.23,-0.43542,-1,-1,-1
298,-1,378.26,103.89,84.742,256.23,-0.47761,-1,-1,-1
299,-1,404.94,140.29,68.644,207.93,0.92527,-1,-1,-1
299,-1,112.43,56.715,138.29,416.86,0.8727,-1,-1,-1
299,-1,225,1,159,479,-0.20435,-1,-1,-1
299,-1,473,185,39,119,-0.34665,-1,-1,-1
300,-1,437.53,158.63,59.629,180.89,1.1009,-1,-1,-1
300,-1,368.58,157.22,44.948,136.84,0.63295,-1,-1,-1
300,-1,120.43,30.857,148.29,446.86,0.094596,-1,-1,-1
300,-1,69.594,266.8,41.871,127.61,-0.0014379,-1,-1,-1
300,-1,403.88,143.96,63.98,193.94,-0.03445,-1,-1,-1
300,-1,293.5,223.86,68.644,207.93,-0.30525,-1,-1,-1
300,-1,92.896,138.84,44.948,136.84,-0.33631,-1,-1,-1
301,-1,442.23,159.39,55.569,168.71,1.7625,-1,-1,-1
301,-1,401,177,39,119,0.78074,-1,-1,-1
301,-1,368.58,166.41,44.948,136.84,0.67304,-1,-1,-1
301,-1,112.43,56.715,138.29,416.86,0.073967,-1,-1,-1
301,-1,433,129,79,239,0.067876,-1,-1,-1
301,-1,239.86,135.36,73.643,222.93,-0.30517,-1,-1,-1
301,-1,275.37,223.93,84.742,256.23,-0.46052,-1,-1,-1
302,-1,449.65,158.63,59.629,180.89,2.2068,-1,-1,-1
302,-1,375.27,158.59,48.246,146.74,1.4654,-1,-1,-1
302,-1,12.314,148.08,55.569,168.71,0.81888,-1,-1,-1
302,-1,403.99,172.48,41.871,127.61,0.26691,-1,-1,-1
302,-1,429.71,103.89,84.742,256.23,-0.18256,-1,-1,-1
302,-1,105,145,39,119,-0.28537,-1,-1,-1
302,-1,326.82,189.63,41.871,127.61,-0.32677,-1,-1,-1
302,-1,201,233,39,119,-0.36045,-1,-1,-1
302,-1,377.08,98.502,68.644,207.93,-0.38555,-1,-1,-1
303,-1,455.86,143.96,63.98,193.94,1.9403,-1,-1,-1
303,-1,385.12,158.59,48.246,146.74,1.2416,-1,-1,-1
303,-1,326.82,189.63,41.871,127.61,0.79083,-1,-1,-1
303,-1,12.314,136.76,55.569,168.71,0.42832,-1,-1,-1
303,-1,434.36,79.793,97.492,294.47,0.16998,-1,-1,-1
303,-1,305,209,39,119,-0.32104,-1,-1,-1
303,-1,53.78,148.78,51.78,157.34,-0.39865,-1,-1,-1
304,-1,455.86,143.96,63.98,193.94,1.8214,-1,-1,-1
304,-1,178.28,197.98,97.492,294.47,0.59516,-1,-1,-1
304,-1,386.96,157.22,44.948,136.84,0.48081,-1,-1,-1
304,-1,276.78,158.59,48.246,146.74,0.34932,-1,-1,-1
304,-1,335.39,189.63,41.871,127.61,0.24583,-1,-1,-1
304,-1,460.48,74.517,90.896,274.69,-0.017453,-1,-1,-1
304,-1,530.29,154.22,68.644,207.93,-0.028747,-1,-1,-1
304,-1,313,201,39,119,-0.14726,-1,-1,-1
304,-1,292.02,146.51,59.629,180.89,-0.28655,-1,-1,-1
304,-1,46.255,91.51,112.14,338.41,-0.43571,-1,-1,-1
304,-1,12.314,193.33,55.569,168.71,-0.43945,-1,-1,-1
304,-1,1,145,79,239,-0.49738,-1,-1,-1
305,-1,460.65,140.29,68.644,207.93,1.0415,-1,-1,-1
305,-1,343.97,189.63,41.871,127.61,0.72615,-1,-1,-1
305,-1,385.67,136.76,55.569,168.71,0.65493,-1,-1,-1
305,-1,257.08,158.59,48.246,146.74,0.19275,-1,-1,-1
305,-1,313,201,39,119,0.11462,-1,-1,-1
305,-1,530.29,154.22,68.644,207.93,0.070143,-1,-1,-1
305,-1,138.89,197.98,97.492,294.47,-0.0476,-1,-1,-1
305,-1,23.627,91.51,112.14,338.41,-0.14406,-1,-1,-1
305,-1,442.57,206.78,20.435,63.306,-0.14441,-1,-1,-1
305,-1,299.91,130.96,63.98,193.94,-0.15318,-1,-1,-1
305,-1,513.16,99.492,97.492,294.47,-0.42682,-1,-1,-1
306,-1,515.45,138.19,84.742,256.23,2.2575,-1,-1,-1
306,-1,391.57,148.78,51.78,157.34,1.0874,-1,-1,-1
306,-1,468.86,143.96,63.98,193.94,0.94987,-1,-1,-1
306,-1,306.47,148.08,55.569,168.71,0.54025,-1,-1,-1
306,-1,345.72,178.28,48.246,146.74,0.21675,-1,-1,-1
306,-1,369,81,79,239,0.069832,-1,-1,-1
306,-1,454.06,40.397,97.492,294.47,-0.32766,-1,-1,-1
306,-1,261.22,136.76,55.569,168.71,-0.40997,-1,-1,-1
306,-1,441,209,19,59,-0.47178,-1,-1,-1
306,-1,305,97,79,239,-0.48326,-1,-1,-1
307,-1,513,129,79,239,2.1026,-1,-1,-1
307,-1,385.12,158.59,48.246,146.74,0.78093,-1,-1,-1
307,-1,350.2,184.79,44.948,136.84,0.70916,-1,-1,-1
307,-1,306.47,148.08,55.569,168.71,0.50689,-1,-1,-1
307,-1,476.18,159.39,55.569,168.71,0.29678,-1,-1,-1
307,-1,498.8,68.882,112.14,338.41,0.099964,-1,-1,-1
307,-1,305,97,79,239,0.092018,-1,-1,-1
307,-1,412.56,189.63,41.871,127.61,-0.33615,-1,-1,-1
307,-1,369,81,79,239,-0.39816,-1,-1,-1
307,-1,238.59,148.08,55.569,168.71,-0.41156,-1,-1,-1
307,-1,449,65,79,239,-0.45706,-1,-1,-1
308,-1,513,129,79,239,2.3277,-1,-1,-1
308,-1,306.47,148.08,55.569,168.71,1.334,-1,-1,-1
308,-1,159.39,68.882,112.14,338.41,1.0681,-1,-1,-1
308,-1,352.54,181.06,41.871,127.61,1.0627,-1,-1,-1
308,-1,305,97,79,239,0.59605,-1,-1,-1
308,-1,465,169,39,119,0.56803,-1,-1,-1
308,-1,393,169,39,119,0.39455,-1,-1,-1
308,-1,448.86,75.643,73.643,222.93,0.14948,-1,-1,-1
308,-1,389.02,134.38,59.629,180.89,0.10776,-1,-1,-1
308,-1,498.8,114.14,112.14,338.41,-0.31839,-1,-1,-1
308,-1,129,33,159,479,-0.46839,-1,-1,-1
309,-1,515.45,121.04,84.742,256.23,1.3587,-1,-1,-1
309,-1,304.14,146.51,59.629,180.89,1.1967,-1,-1,-1
309,-1,473,169,39,119,1.1212,-1,-1,-1
309,-1,361,185,39,119,1.0558,-1,-1,-1
309,-1,130.96,52.984,128.96,388.88,0.78866,-1,-1,-1
309,-1,401.15,134.38,59.629,180.89,0.60282,-1,-1,-1
309,-1,309.67,86.742,84.742,256.23,0.07699,-1,-1,-1
309,-1,448.86,75.643,73.643,222.93,-0.13894,-1,-1,-1
309,-1,476.18,46.255,112.14,338.41,-0.40892,-1,-1,-1
310,-1,361.12,189.63,41.871,127.61,1.3738,-1,-1,-1
310,-1,464.01,172.48,41.871,127.61,1.1928,-1,-1,-1
310,-1,515.45,121.04,84.742,256.23,1.1747,-1,-1,-1
310,-1,304.14,146.51,59.629,180.89,1.0131,-1,-1,-1
310,-1,402.13,148.78,51.78,157.34,0.90751,-1,-1,-1
310,-1,140.29,56.715,138.29,416.86,0.80775,-1,-1,-1
310,-1,378.26,69.594,84.742,256.23,-0.041954,-1,-1,-1
310,-1,476.18,91.51,112.14,338.41,-0.045102,-1,-1,-1
310,-1,309.67,86.742,84.742,256.23,-0.050492,-1,-1,-1
310,-1,433,65,79,239,-0.056797,-1,-1,-1
310,-1,81,129,79,239,-0.25177,-1,-1,-1
310,-1,73.754,73.754,120.26,362.77,-0.46351,-1,-1,-1
311,-1,455.43,172.48,41.871,127.61,1.5657,-1,-1,-1
311,-1,493.46,119.19,97.492,294.47,1.369,-1,-1,-1
311,-1,304.14,146.51,59.629,180.89,1.1333,-1,-1,-1
311,-1,402.13,148.78,51.78,157.34,1.0525,-1,-1,-1
311,-1,26.992,52.984,128.96,388.88,0.82043,-1,-1,-1
311,-1,369,193,39,119,0.66668,-1,-1,-1
311,-1,140.29,56.715,138.29,416.86,0.36677,-1,-1,-1
311,-1,345.72,188.13,48.246,146.74,0.077572,-1,-1,-1
311,-1,292.52,86.742,84.742,256.23,-0.051452,-1,-1,-1
311,-1,433.93,75.643,73.643,222.93,-0.068348,-1,-1,-1
311,-1,385,97,79,239,-0.19001,-1,-1,-1
312,-1,449,177,39,119,1.7548,-1,-1,-1
312,-1,498.8,114.14,112.14,338.41,1.4734,-1,-1,-1
312,-1,369.69,189.63,41.871,127.61,0.93623,-1,-1,-1
312,-1,396.98,148.08,55.569,168.71,0.87363,-1,-1,-1
312,-1,305,97,79,239,0.52482,-1,-1,-1
312,-1,140.29,56.715,138.29,416.86,0.33309,-1,-1,-1
312,-1,361.12,69.594,84.742,256.23,-0.16488,-1,-1,-1
312,-1,442.23,125.45,55.569,168.71,-0.29946,-1,-1,-1
312,-1,433,65,79,239,-0.4546,-1,-1,-1
313,-1,486.03,98.006,120.26,362.77,1.7534,-1,-1,-1
313,-1,368.58,184.79,44.948,136.84,1.4414,-1,-1,-1
313,-1,442.1,166.41,44.948,136.84,1.2153,-1,-1,-1
313,-1,396.98,148.08,55.569,168.71,1.1027,-1,-1,-1
313,-1,140.29,56.715,138.29,416.86,0.08953,-1,-1,-1
313,-1,312.9,143.96,63.98,193.94,0.035708,-1,-1,-1
313,-1,417,65,79,239,-0.39308,-1,-1,-1
313,-1,378.26,86.742,84.742,256.23,-0.42115,-1,-1,-1
314,-1,486.03,98.006,120.26,362.77,1.8973,-1,-1,-1
314,-1,368.58,184.79,44.948,136.84,1.5165,-1,-1,-1
314,-1,441,177,39,119,1.1773,-1,-1,-1
314,-1,396.98,148.08,55.569,168.71,0.79987,-1,-1,-1
314,-1,156.95,78.976,128.96,388.88,0.62856,-1,-1,-1
314,-1,312.9,143.96,63.98,193.94,0.43559,-1,-1,-1
314,-1,364.89,143.96,63.98,193.94,0.42094,-1,-1,-1
314,-1,395.41,69.594,84.742,256.23,-0.26718,-1,-1,-1
314,-1,43.224,159.34,51.78,157.34,-0.3001,-1,-1,-1
315,-1,486.03,98.006,120.26,362.77,1.8671,-1,-1,-1
315,-1,375.27,188.13,48.246,146.74,1.6321,-1,-1,-1
315,-1,140.29,84.573,138.29,416.86,1.0448,-1,-1,-1
315,-1,25.251,146.51,59.629,180.89,0.64888,-1,-1,-1
315,-1,386.96,74.517,90.896,274.69,0.53544,-1,-1,-1
315,-1,312.9,143.96,63.98,193.94,0.43517,-1,-1,-1
315,-1,313.45,92.896,90.896,274.69,-0.42741,-1,-1,-1
316,-1,494.85,78.976,128.96,388.88,1.787,-1,-1,-1
316,-1,385.12,188.13,48.246,146.74,1.505,-1,-1,-1
316,-1,26.992,130.96,63.98,193.94,1.1365,-1,-1,-1
316,-1,150.29,60.714,148.29,446.86,1.0188,-1,-1,-1
316,-1,312.9,143.96,63.98,193.94,0.97172,-1,-1,-1
316,-1,377.08,140.29,68.644,207.93,0.59243,-1,-1,-1
316,-1,419.61,159.39,55.569,168.71,-0.17536,-1,-1,-1
316,-1,395.41,86.742,84.742,256.23,-0.19736,-1,-1,-1
316,-1,326.82,86.742,84.742,256.23,-0.2845,-1,-1,-1
316,-1,111.28,285.88,44.948,136.84,-0.42375,-1,-1,-1
317,-1,26.992,130.96,63.98,193.94,1.7219,-1,-1,-1
317,-1,395.41,189.63,41.871,127.61,1.5691,-1,-1,-1
317,-1,312.9,143.96,63.98,193.94,1.0409,-1,-1,-1
317,-1,129,33,159,479,1.0019,-1,-1,-1
317,-1,502.44,56.715,138.29,416.86,0.80008,-1,-1,-1
317,-1,405.34,74.517,90.896,274.69,0.30404,-1,-1,-1
317,-1,331.83,74.517,90.896,274.69,0.22506,-1,-1,-1
317,-1,264.9,169.9,51.78,157.34,-0.099764,-1,-1,-1
317,-1,254.78,105.5,73.643,222.93,-0.11679,-1,-1,-1
318,-1,403.99,189.63,41.871,127.61,1.2915,-1,-1,-1
318,-1,325.9,143.96,63.98,193.94,1.1023,-1,-1,-1
318,-1,37.377,134.38,59.629,180.89,1.0883,-1,-1,-1
318,-1,156.95,78.976,128.96,388.88,1.0052,-1,-1,-1
318,-1,275.46,169.9,51.78,157.34,0.34323,-1,-1,-1
318,-1,405.34,74.517,90.896,274.69,0.20981,-1,-1,-1
318,-1,257,97,79,239,0.11021,-1,-1,-1
318,-1,508.57,60.714,148.29,446.86,-0.083049,-1,-1,-1
318,-1,331.83,74.517,90.896,274.69,-0.25093,-1,-1,-1
318,-1,111.28,1,182.79,550.38,-0.30999,-1,-1,-1
319,-1,34.941,148.08,55.569,168.71,1.2484,-1,-1,-1
319,-1,423.24,180.45,51.78,157.34,1.0506,-1,-1,-1
319,-1,325.9,143.96,63.98,193.94,0.99659,-1,-1,-1
319,-1,150.29,60.714,148.29,446.86,0.87162,-1,-1,-1
319,-1,269.71,105.5,73.643,222.93,0.65564,-1,-1,-1
319,-1,331.83,92.896,90.896,274.69,0.03217,-1,-1,-1
319,-1,498.3,52.445,84.742,256.23,-0.17448,-1,-1,-1
319,-1,433,97,79,239,-0.23326,-1,-1,-1
320,-1,442.23,170.71,55.569,168.71,1.8245,-1,-1,-1
320,-1,37.377,134.38,59.629,180.89,1.1485,-1,-1,-1
320,-1,196,56.715,138.29,416.86,0.79439,-1,-1,-1
320,-1,344.36,120.43,73.643,222.93,0.35914,-1,-1,-1
320,-1,158.59,40.397,195.98,589.95,-0.19496,-1,-1,-1
320,-1,423.72,56.138,90.896,274.69,-0.25374,-1,-1,-1
320,-1,355.57,79.793,97.492,294.47,-0.26186,-1,-1,-1
320,-1,515.62,37.758,90.896,274.69,-0.37157,-1,-1,-1
321,-1,454.91,169.9,51.78,157.34,1.9005,-1,-1,-1
321,-1,57.569,136.76,55.569,168.71,1.5058,-1,-1,-1
321,-1,196,56.715,138.29,416.86,0.76098,-1,-1,-1
321,-1,449,113,79,239,0.63713,-1,-1,-1
321,-1,158.63,122.26,59.629,180.89,0.59863,-1,-1,-1
321,-1,363.15,126.36,68.644,207.93,0.56138,-1,-1,-1
321,-1,49,81,79,239,0.241,-1,-1,-1
321,-1,292.52,86.742,84.742,256.23,0.081487,-1,-1,-1
321,-1,158.59,40.397,195.98,589.95,0.032278,-1,-1,-1
321,-1,355.57,60.095,97.492,294.47,-0.0052818,-1,-1,-1
321,-1,524.03,172.48,41.871,127.61,-0.36341,-1,-1,-1
322,-1,476.18,159.39,55.569,168.71,2.8129,-1,-1,-1
322,-1,68.882,125.45,55.569,168.71,1.3692,-1,-1,-1
322,-1,385,113,79,239,1.3175,-1,-1,-1
322,-1,465,113,79,239,1.2305,-1,-1,-1
322,-1,156.95,104.97,63.98,193.94,0.85367,-1,-1,-1
322,-1,543.19,157.22,44.948,136.84,0.55987,-1,-1,-1
322,-1,208.94,52.984,128.96,388.88,0.33177,-1,-1,-1
322,-1,423.24,22.112,104.56,315.68,-0.40232,-1,-1,-1
322,-1,328.24,159.34,51.78,157.34,-0.45835,-1,-1,-1
323,-1,465,161,39,119,1.6886,-1,-1,-1
323,-1,498.8,159.39,55.569,168.71,1.5782,-1,-1,-1
323,-1,401,113,79,239,1.459,-1,-1,-1
323,-1,223.86,28.858,138.29,416.86,1.1414,-1,-1,-1
323,-1,143.96,117.96,63.98,193.94,1.1083,-1,-1,-1
323,-1,80.196,125.45,55.569,168.71,0.73403,-1,-1,-1
323,-1,497,113,79,239,0.34299,-1,-1,-1
323,-1,129.65,74.517,90.896,274.69,-0.16096,-1,-1,-1
323,-1,461.78,146.51,59.629,180.89,-0.18491,-1,-1,-1
323,-1,408.29,46.255,112.14,338.41,-0.28835,-1,-1,-1
323,-1,552.55,148.74,48.246,146.74,-0.45051,-1,-1,-1
324,-1,145,81,79,239,1.7984,-1,-1,-1
324,-1,472.58,155.34,41.871,127.61,1.5561,-1,-1,-1
324,-1,401,97,79,239,1.4453,-1,-1,-1
324,-1,234.93,52.984,128.96,388.88,1.24,-1,-1,-1
324,-1,518.25,159.34,51.78,157.34,1.1759,-1,-1,-1
324,-1,73.754,122.26,59.629,180.89,1.1642,-1,-1,-1
324,-1,544.06,148.08,55.569,168.71,0.83659,-1,-1,-1
324,-1,473.9,146.51,59.629,180.89,0.1347,-1,-1,-1
324,-1,508.57,120.43,73.643,222.93,0.11231,-1,-1,-1
324,-1,69.594,69.594,84.742,256.23,0.047403,-1,-1,-1
324,-1,408.29,23.627,112.14,338.41,0.026026,-1,-1,-1
324,-1,184.79,1,182.79,550.38,-0.25641,-1,-1,-1
324,-1,363.04,148.08,55.569,168.71,-0.39422,-1,-1,-1
324,-1,507.69,22.112,104.56,315.68,-0.49763,-1,-1,-1
325,-1,129,81,79,239,1.8924,-1,-1,-1
325,-1,417,97,79,239,1.8353,-1,-1,-1
325,-1,85.88,122.26,59.629,180.89,1.3353,-1,-1,-1
325,-1,544.06,159.39,55.569,168.71,1.0413,-1,-1,-1
325,-1,408.29,23.627,112.14,338.41,0.8182,-1,-1,-1
325,-1,239.86,30.857,148.29,446.86,0.6998,-1,-1,-1
325,-1,513,97,79,239,0.51906,-1,-1,-1
325,-1,386.84,189.63,41.871,127.61,0.039046,-1,-1,-1
325,-1,364.89,130.96,63.98,193.94,-0.34651,-1,-1,-1
326,-1,121.04,86.742,84.742,256.23,2.1935,-1,-1,-1
326,-1,433,97,79,239,1.6034,-1,-1,-1
326,-1,546.83,143.96,63.98,193.94,1.411,-1,-1,-1
326,-1,73.754,122.26,59.629,180.89,1.34,-1,-1,-1
326,-1,239.86,30.857,148.29,446.86,1.0877,-1,-1,-1
326,-1,376.9,146.51,59.629,180.89,0.35926,-1,-1,-1
326,-1,408.29,23.627,112.14,338.41,0.32693,-1,-1,-1
326,-1,513,97,79,239,-0.17032,-1,-1,-1
326,-1,212.12,138.23,51.78,157.34,-0.33642,-1,-1,-1
326,-1,180.14,180.14,73.643,222.93,-0.40259,-1,-1,-1
327,-1,103.89,86.742,84.742,256.23,2.0853,-1,-1,-1
327,-1,559.83,143.96,63.98,193.94,2.0557,-1,-1,-1
327,-1,429.71,86.742,84.742,256.23,1.5565,-1,-1,-1
327,-1,74.892,138.23,51.78,157.34,0.89431,-1,-1,-1
327,-1,251.72,28.858,138.29,416.86,0.71362,-1,-1,-1
327,-1,60.714,75.643,73.643,222.93,-0.20498,-1,-1,-1
327,-1,390.88,26.992,128.96,388.88,-0.28211,-1,-1,-1
327,-1,529,97,79,239,-0.3585,-1,-1,-1
328,-1,92.896,74.517,90.896,274.69,2.1309,-1,-1,-1
328,-1,429.71,86.742,84.742,256.23,1.646,-1,-1,-1
328,-1,570.91,146.51,59.629,180.89,1.5601,-1,-1,-1
328,-1,269.71,30.857,148.29,446.86,0.53414,-1,-1,-1
328,-1,549.75,86.742,84.742,256.23,-0.056641,-1,-1,-1
328,-1,389.02,25.251,120.26,362.77,-0.1188,-1,-1,-1
328,-1,488.51,140.29,68.644,207.93,-0.21487,-1,-1,-1
328,-1,52.984,117.96,63.98,193.94,-0.33892,-1,-1,-1
328,-1,49.503,25.251,120.26,362.77,-0.39279,-1,-1,-1
329,-1,60.095,60.095,97.492,294.47,1.7365,-1,-1,-1
329,-1,434.36,79.793,97.492,294.47,1.1453,-1,-1,-1
329,-1,570.91,146.51,59.629,180.89,0.85386,-1,-1,-1
329,-1,269.71,30.857,148.29,446.86,0.52325,-1,-1,-1
329,-1,549.75,86.742,84.742,256.23,0.45124,-1,-1,-1
329,-1,518.25,138.23,51.78,157.34,0.31395,-1,-1,-1
329,-1,381.02,43.224,104.56,315.68,-0.02818,-1,-1,-1
330,-1,40.397,60.095,97.492,294.47,2.1125,-1,-1,-1
330,-1,442.1,92.896,90.896,274.69,1.0873,-1,-1,-1
330,-1,545,97,79,239,0.82272,-1,-1,-1
330,-1,279.58,56.715,138.29,416.86,0.68979,-1,-1,-1
330,-1,510.12,136.76,55.569,168.71,0.31034,-1,-1,-1
330,-1,385,129,79,239,-0.023747,-1,-1,-1
331,-1,22.112,64.336,104.56,315.68,2.101,-1,-1,-1
331,-1,549.75,86.742,84.742,256.23,1.8549,-1,-1,-1
331,-1,449,97,79,239,1.1764,-1,-1,-1
331,-1,279.58,28.858,138.29,416.86,0.80827,-1,-1,-1
331,-1,510.12,136.76,55.569,168.71,0.36078,-1,-1,-1
331,-1,404.07,135.36,73.643,222.93,0.044999,-1,-1,-1
331,-1,381.02,64.336,104.56,315.68,-0.19244,-1,-1,-1
331,-1,453.55,46.255,112.14,338.41,-0.43135,-1,-1,-1
332,-1,1,46.255,112.14,338.41,2.1202,-1,-1,-1
332,-1,561,97,79,239,1.8809,-1,-1,-1
332,-1,269.71,30.857,148.29,446.86,1.3699,-1,-1,-1
332,-1,446.86,86.742,84.742,256.23,0.71381,-1,-1,-1
332,-1,404.94,126.36,68.644,207.93,0.0098236,-1,-1,-1
332,-1,219.26,243.51,59.629,180.89,-0.38151,-1,-1,-1
333,-1,561,97,79,239,1.9284,-1,-1,-1
333,-1,269.71,30.857,148.29,446.86,1.3191,-1,-1,-1
333,-1,460.48,74.517,90.896,274.69,0.91874,-1,-1,-1
333,-1,417,113,79,239,0.72432,-1,-1,-1
333,-1,1,43.224,104.56,315.68,0.1025,-1,-1,-1
333,-1,413.27,25.251,120.26,362.77,-0.44871,-1,-1,-1
334,-1,454.06,79.793,97.492,294.47,1.9755,-1,-1,-1
334,-1,572.08,112.43,68.644,207.93,1.1998,-1,-1,-1
334,-1,404.07,120.43,73.643,222.93,0.89455,-1,-1,-1
334,-1,269.71,30.857,148.29,446.86,0.78386,-1,-1,-1
334,-1,43.224,138.23,51.78,157.34,0.76383,-1,-1,-1
334,-1,532.6,86.742,84.742,256.23,0.17199,-1,-1,-1
334,-1,219.26,255.64,59.629,180.89,-0.45452,-1,-1,-1
335,-1,460.48,74.517,90.896,274.69,1.7487,-1,-1,-1
335,-1,37.377,122.26,59.629,180.89,1.2992,-1,-1,-1
335,-1,572.08,112.43,68.644,207.93,1.0352,-1,-1,-1
335,-1,417,113,79,239,0.68985,-1,-1,-1
335,-1,257,33,159,479,0.36764,-1,-1,-1
335,-1,378.26,86.742,84.742,256.23,-0.46924,-1,-1,-1
336,-1,460.48,74.517,90.896,274.69,1.6632,-1,-1,-1
336,-1,26.992,104.97,63.98,193.94,0.79228,-1,-1,-1
336,-1,269.71,30.857,148.29,446.86,0.75078,-1,-1,-1
336,-1,586.01,98.502,68.644,207.93,0.38817,-1,-1,-1
336,-1,417,129,79,239,0.27371,-1,-1,-1
337,-1,460.48,74.517,90.896,274.69,1.4808,-1,-1,-1
337,-1,251.72,28.858,138.29,416.86,0.72124,-1,-1,-1
337,-1,25.251,110.13,59.629,180.89,0.41131,-1,-1,-1
337,-1,417,113,79,239,0.0064214,-1,-1,-1
337,-1,583.21,90.571,73.643,222.93,-0.096283,-1,-1,-1
337,-1,237.38,-38.397,195.98,589.95,-0.18594,-1,-1,-1
338,-1,478.86,74.517,90.896,274.69,1.8675,-1,-1,-1
338,-1,257,1,159,479,1.559,-1,-1,-1
338,-1,433,113,79,239,0.78423,-1,-1,-1
338,-1,25.251,110.13,59.629,180.89,0.42794,-1,-1,-1
338,-1,430.92,23.627,112.14,338.41,-0.15735,-1,-1,-1
339,-1,269.71,1,148.29,446.86,1.5461,-1,-1,-1
339,-1,478.86,74.517,90.896,274.69,1.4939,-1,-1,-1
339,-1,433,113,79,239,1.4269,-1,-1,-1
339,-1,25.251,110.13,59.629,180.89,1.1732,-1,-1,-1
339,-1,468.86,1,128.96,388.88,-0.33235,-1,-1,-1
340,-1,493.46,60.095,97.492,294.47,1.5786,-1,-1,-1
340,-1,257,1,159,479,1.1916,-1,-1,-1
340,-1,449,113,79,239,0.79844,-1,-1,-1
340,-1,13.996,104.97,63.98,193.94,0.13776,-1,-1,-1
340,-1,437.53,25.251,120.26,362.77,-0.33749,-1,-1,-1
340,-1,549.75,86.742,84.742,256.23,-0.46014,-1,-1,-1
341,-1,507.69,64.336,104.56,315.68,2.1563,-1,-1,-1
341,-1,464.01,103.89,84.742,256.23,0.95498,-1,-1,-1
341,-1,269.71,30.857,148.29,446.86,0.7103,-1,-1,-1
341,-1,419,105.5,73.643,222.93,0.26086,-1,-1,-1
341,-1,231.39,164.7,29.314,89.943,0.13028,-1,-1,-1
341,-1,207.14,85.88,59.629,180.89,-0.39198,-1,-1,-1
342,-1,521.43,46.255,112.14,338.41,1.5009,-1,-1,-1
342,-1,481,113,79,239,0.71372,-1,-1,-1
342,-1,269.71,30.857,148.29,446.86,0.65045,-1,-1,-1
342,-1,419,105.5,73.643,222.93,0.44835,-1,-1,-1
342,-1,231.39,164.7,29.314,89.943,0.35124,-1,-1,-1
342,-1,18.148,138.19,84.742,256.23,-0.36786,-1,-1,-1
342,-1,461.78,25.251,120.26,362.77,-0.44274,-1,-1,-1
342,-1,249,161,39,119,-0.48388,-1,-1,-1
343,-1,532.85,60.095,97.492,294.47,1.2231,-1,-1,-1
343,-1,417,97,79,239,0.6347,-1,-1,-1
343,-1,481,113,79,239,0.50086,-1,-1,-1
343,-1,49.503,122.26,59.629,180.89,0.43405,-1,-1,-1
343,-1,225.33,170.76,29.314,89.943,0.29146,-1,-1,-1
343,-1,307.43,28.858,138.29,416.86,0.24013,-1,-1,-1
343,-1,221.55,129.65,44.948,136.84,-0.10147,-1,-1,-1
343,-1,486.03,25.251,120.26,362.77,-0.21051,-1,-1,-1
343,-1,566.69,46.255,112.14,338.41,-0.21722,-1,-1,-1
344,-1,52.984,104.97,63.98,193.94,1.4415,-1,-1,-1
344,-1,433,97,79,239,0.89777,-1,-1,-1
344,-1,299.57,1,148.29,446.86,0.59752,-1,-1,-1
344,-1,552.55,60.095,97.492,294.47,0.59644,-1,-1,-1
344,-1,215.35,146.76,41.871,127.61,0.31789,-1,-1,-1
344,-1,497,113,79,239,0.040226,-1,-1,-1
344,-1,195.94,78.976,63.98,193.94,-0.2978,-1,-1,-1
345,-1,61.629,110.13,59.629,180.89,2.1901,-1,-1,-1
345,-1,433,97,79,239,1.1722,-1,-1,-1
345,-1,529,113,79,239,0.82482,-1,-1,-1
345,-1,204.65,102.82,55.569,168.71,0.24991,-1,-1,-1
345,-1,338.9,26.992,128.96,388.88,0.21192,-1,-1,-1
345,-1,552.55,99.492,97.492,294.47,0.044385,-1,-1,-1
345,-1,52.445,52.445,84.742,256.23,-0.37709,-1,-1,-1
346,-1,449,97,79,239,1.5551,-1,-1,-1
346,-1,73.754,122.26,59.629,180.89,0.99833,-1,-1,-1
346,-1,13.126,122.26,59.629,180.89,0.8686,-1,-1,-1
346,-1,217,161,39,119,0.67372,-1,-1,-1
346,-1,552.38,111.28,90.896,274.69,0.63543,-1,-1,-1
346,-1,321,1,159,479,0.25635,-1,-1,-1
346,-1,195.01,98.006,59.629,180.89,0.039833,-1,-1,-1
346,-1,52.445,69.594,84.742,256.23,-0.48086,-1,-1,-1
347,-1,91.51,125.45,55.569,168.71,0.86187,-1,-1,-1
347,-1,34.941,136.76,55.569,168.71,0.70839,-1,-1,-1
347,-1,353,1,159,479,0.54731,-1,-1,-1
347,-1,217,161,39,119,0.16032,-1,-1,-1
347,-1,207.14,98.006,59.629,180.89,-0.24799,-1,-1,-1
347,-1,478.71,90.571,73.643,222.93,-0.44483,-1,-1,-1
347,-1,81,81,79,239,-0.49307,-1,-1,-1
348,-1,37.377,122.26,59.629,180.89,0.6907,-1,-1,-1
348,-1,209,161,39,119,0.6819,-1,-1,-1
348,-1,343.97,1,170.48,513.45,0.67196,-1,-1,-1
348,-1,85.449,148.78,51.78,157.34,0.46756,-1,-1,-1
348,-1,212.12,106.56,51.78,157.34,-0.096635,-1,-1,-1
349,-1,209,161,39,119,0.95524,-1,-1,-1
349,-1,49.503,122.26,59.629,180.89,0.48949,-1,-1,-1
349,-1,106.56,138.23,51.78,157.34,0.44623,-1,-1,-1
349,-1,481.15,86.742,84.742,256.23,0.21353,-1,-1,-1
349,-1,389.14,30.857,148.29,446.86,0.13361,-1,-1,-1
349,-1,204.65,102.82,55.569,168.71,0.020478,-1,-1,-1
349,-1,338.79,-41.224,210.12,632.36,-0.095471,-1,-1,-1
350,-1,201,161,39,119,1.2365,-1,-1,-1
350,-1,46.255,125.45,55.569,168.71,0.79175,-1,-1,-1
350,-1,114.14,125.45,55.569,168.71,0.46155,-1,-1,-1
350,-1,201.57,106.56,51.78,157.34,0.32295,-1,-1,-1
350,-1,389.14,30.857,148.29,446.86,0.29939,-1,-1,-1
350,-1,74.892,148.78,51.78,157.34,0.086832,-1,-1,-1
350,-1,338.79,-41.224,210.12,632.36,-0.048246,-1,-1,-1
351,-1,125.45,125.45,55.569,168.71,0.48433,-1,-1,-1
351,-1,201,161,39,119,0.34448,-1,-1,-1
351,-1,49.503,122.26,59.629,180.89,0.29491,-1,-1,-1
351,-1,493.46,79.793,97.492,294.47,0.20006,-1,-1,-1
351,-1,343.97,1,170.48,513.45,0.04291,-1,-1,-1
351,-1,180.14,60.714,73.643,222.93,-0.40931,-1,-1,-1
352,-1,193,161,39,119,1.1829,-1,-1,-1
352,-1,486.58,64.336,104.56,315.68,0.83956,-1,-1,-1
352,-1,353,1,159,479,-0.0030944,-1,-1,-1
352,-1,182.07,70.644,68.644,207.93,-0.096237,-1,-1,-1
352,-1,130.96,104.97,63.98,193.94,-0.10943,-1,-1,-1
352,-1,68.882,125.45,55.569,168.71,-0.48847,-1,-1,-1
353,-1,510.28,49.503,120.26,362.77,1.8486,-1,-1,-1
353,-1,193,153,39,119,1.2866,-1,-1,-1
353,-1,146.51,110.13,59.629,180.89,0.84371,-1,-1,-1
353,-1,368.58,-35.758,182.79,550.38,-0.17765,-1,-1,-1
354,-1,148.08,125.45,55.569,168.71,0.90886,-1,-1,-1
354,-1,510.28,49.503,120.26,362.77,0.77269,-1,-1,-1
354,-1,102.82,125.45,55.569,168.71,0.59355,-1,-1,-1
354,-1,385,1,159,479,0.22964,-1,-1,-1
354,-1,193,161,39,119,0.22818,-1,-1,-1
355,-1,125.45,136.76,55.569,168.71,1.3845,-1,-1,-1
355,-1,385,1,159,479,0.54823,-1,-1,-1
355,-1,159.34,138.23,51.78,157.34,0.27503,-1,-1,-1
355,-1,510.28,49.503,120.26,362.77,-0.059234,-1,-1,-1
355,-1,188.13,158.59,48.246,146.74,-0.19506,-1,-1,-1
355,-1,113,81,79,239,-0.27931,-1,-1,-1
356,-1,125.45,125.45,55.569,168.71,1.8524,-1,-1,-1
356,-1,168.44,129.04,48.246,146.74,1.2729,-1,-1,-1
356,-1,359.28,30.857,73.643,222.93,0.01693,-1,-1,-1
356,-1,389.14,1,148.29,446.86,-0.09861,-1,-1,-1
356,-1,113,81,79,239,-0.11931,-1,-1,-1
356,-1,168.15,98.502,68.644,207.93,-0.28809,-1,-1,-1
356,-1,1,135.36,73.643,222.93,-0.2957,-1,-1,-1
356,-1,513.16,40.397,97.492,294.47,-0.48328,-1,-1,-1
357,-1,125.45,125.45,55.569,168.71,1.7488,-1,-1,-1
357,-1,182.02,114.14,55.569,168.71,0.85382,-1,-1,-1
357,-1,510.28,25.251,120.26,362.77,0.21117,-1,-1,-1
357,-1,433,129,39,119,0.012381,-1,-1,-1
357,-1,113,81,79,239,-0.16738,-1,-1,-1
357,-1,161,65,79,239,-0.31341,-1,-1,-1
357,-1,454.06,326.02,48.246,146.74,-0.3526,-1,-1,-1
357,-1,359.28,30.857,73.643,222.93,-0.40844,-1,-1,-1
358,-1,125.45,125.45,55.569,168.71,1.7221,-1,-1,-1
358,-1,182.02,125.45,55.569,168.71,1.6085,-1,-1,-1
358,-1,389.14,1,148.29,446.86,0.036001,-1,-1,-1
358,-1,521.43,23.627,112.14,338.41,-0.14972,-1,-1,-1
358,-1,177,65,79,239,-0.25643,-1,-1,-1
358,-1,135.36,90.571,73.643,222.93,-0.35286,-1,-1,-1
358,-1,335.87,40.397,97.492,294.47,-0.45854,-1,-1,-1
359,-1,182.89,146.51,59.629,180.89,1.605,-1,-1,-1
359,-1,385,33,159,479,1.0575,-1,-1,-1
359,-1,521.43,46.255,112.14,338.41,0.35606,-1,-1,-1
359,-1,125.45,148.08,55.569,168.71,0.30435,-1,-1,-1
359,-1,1,138.19,84.742,256.23,0.23004,-1,-1,-1
360,-1,191.01,159.34,51.78,157.34,1.5674,-1,-1,-1
360,-1,385,33,159,479,1.2877,-1,-1,-1
360,-1,-21.627,68.882,112.14,338.41,0.75368,-1,-1,-1
360,-1,138.19,189.63,41.871,127.61,0.65989,-1,-1,-1
360,-1,520.84,26.992,128.96,388.88,0.37435,-1,-1,-1
360,-1,130.96,143.96,63.98,193.94,0.27704,-1,-1,-1
360,-1,177,97,79,239,0.0011727,-1,-1,-1
360,-1,363.04,1,225.27,677.82,-0.30019,-1,-1,-1
361,-1,385,33,159,479,1.371,-1,-1,-1
361,-1,182.02,159.39,55.569,168.71,1.0466,-1,-1,-1
361,-1,1,138.19,84.742,256.23,0.5401,-1,-1,-1
361,-1,138.23,159.34,51.78,157.34,0.47736,-1,-1,-1
361,-1,520.84,26.992,128.96,388.88,0.3301,-1,-1,-1
361,-1,177,97,79,239,-0.40895,-1,-1,-1
362,-1,180.45,159.34,51.78,157.34,1.2472,-1,-1,-1
362,-1,138.23,148.78,51.78,157.34,0.98892,-1,-1,-1
362,-1,419,30.857,148.29,446.86,0.78365,-1,-1,-1
362,-1,-21.627,46.255,112.14,338.41,0.24871,-1,-1,-1
362,-1,508.57,1,148.29,446.86,-0.2498,-1,-1,-1
362,-1,154.22,126.36,68.644,207.93,-0.32828,-1,-1,-1
362,-1,338.79,1,210.12,632.36,-0.44866,-1,-1,-1
363,-1,191.01,159.34,51.78,157.34,1.3356,-1,-1,-1
363,-1,102.09,175.6,44.948,136.84,1.0743,-1,-1,-1
363,-1,-20.112,64.336,104.56,315.68,0.7115,-1,-1,-1
363,-1,138.89,158.59,48.246,146.74,0.70989,-1,-1,-1
363,-1,385,33,159,479,0.59756,-1,-1,-1
363,-1,154.22,126.36,68.644,207.93,-0.43413,-1,-1,-1
363,-1,195.07,105.5,73.643,222.93,-0.49208,-1,-1,-1
364,-1,193.33,159.39,55.569,168.71,0.92786,-1,-1,-1
364,-1,148.78,159.34,51.78,157.34,0.7961,-1,-1,-1
364,-1,385,33,159,479,0.75689,-1,-1,-1
364,-1,85.449,169.9,51.78,157.34,0.43147,-1,-1,-1
364,-1,-21.627,68.882,112.14,338.41,-0.2393,-1,-1,-1
364,-1,122.26,158.63,59.629,180.89,-0.31207,-1,-1,-1
364,-1,289,169,39,119,-0.41864,-1,-1,-1
365,-1,136.76,159.39,55.569,168.71,0.82549,-1,-1,-1
365,-1,193.33,159.39,55.569,168.71,0.82226,-1,-1,-1
365,-1,385,33,159,479,0.32335,-1,-1,-1
366,-1,191.01,148.78,51.78,157.34,0.61726,-1,-1,-1
366,-1,389.14,30.857,148.29,446.86,0.57354,-1,-1,-1
366,-1,136.76,148.08,55.569,168.71,0.54547,-1,-1,-1
366,-1,104.97,143.96,63.98,193.94,0.29577,-1,-1,-1
366,-1,60.095,168.44,48.246,146.74,0.1367,-1,-1,-1
366,-1,165.21,105.5,73.643,222.93,-0.056689,-1,-1,-1
366,-1,14.929,168.15,68.644,207.93,-0.16931,-1,-1,-1
366,-1,381.02,1,210.12,632.36,-0.23215,-1,-1,-1
366,-1,-20.112,64.336,104.56,315.68,-0.383,-1,-1,-1
367,-1,204.65,136.76,55.569,168.71,0.99548,-1,-1,-1
367,-1,419,30.857,148.29,446.86,0.49714,-1,-1,-1
367,-1,1,60.095,97.492,294.47,0.33046,-1,-1,-1
367,-1,146.51,134.38,59.629,180.89,0.2057,-1,-1,-1
367,-1,104.97,130.96,63.98,193.94,-0.15667,-1,-1,-1
367,-1,193,97,79,239,-0.21425,-1,-1,-1
367,-1,381.02,1,210.12,632.36,-0.44296,-1,-1,-1
368,-1,212.12,148.78,51.78,157.34,1.3068,-1,-1,-1
368,-1,412.56,1,170.48,513.45,0.74365,-1,-1,-1
368,-1,195.07,90.571,73.643,222.93,0.39799,-1,-1,-1
368,-1,1,46.255,112.14,338.41,0.31273,-1,-1,-1
368,-1,158.63,134.38,59.629,180.89,0.2759,-1,-1,-1
369,-1,182.02,148.08,55.569,168.71,1.0076,-1,-1,-1
369,-1,227.53,158.59,48.246,146.74,0.85389,-1,-1,-1
369,-1,18.148,69.594,84.742,256.23,0.83461,-1,-1,-1
369,-1,405.34,1,182.79,550.38,0.75145,-1,-1,-1
369,-1,257,193,39,119,0.30474,-1,-1,-1
369,-1,209,97,79,239,0.10497,-1,-1,-1
369,-1,1,52.984,128.96,388.88,0.063852,-1,-1,-1
370,-1,182.02,148.08,55.569,168.71,1.7233,-1,-1,-1
370,-1,22.112,64.336,104.56,315.68,1.3279,-1,-1,-1
370,-1,233.23,159.34,51.78,157.34,1.0219,-1,-1,-1
370,-1,417,33,159,479,0.8509,-1,-1,-1
370,-1,210,105.5,73.643,222.93,-0.10298,-1,-1,-1
370,-1,352.65,85.88,59.629,180.89,-0.20329,-1,-1,-1
370,-1,292.52,155.34,41.871,127.61,-0.4614,-1,-1,-1
371,-1,182.89,146.51,59.629,180.89,2.4275,-1,-1,-1
371,-1,22.112,64.336,104.56,315.68,1.4499,-1,-1,-1
371,-1,243.79,159.34,51.78,157.34,0.91852,-1,-1,-1
371,-1,417,33,159,479,0.66871,-1,-1,-1
371,-1,193,97,79,239,-0.074639,-1,-1,-1
371,-1,297,161,39,119,-0.43789,-1,-1,-1
372,-1,193.33,148.08,55.569,168.71,2.4993,-1,-1,-1
372,-1,22.112,64.336,104.56,315.68,1.8174,-1,-1,-1
372,-1,249.9,148.08,55.569,168.71,1.5134,-1,-1,-1
372,-1,446.86,1,170.48,513.45,0.4702,-1,-1,-1
372,-1,193,97,79,239,0.087577,-1,-1,-1
372,-1,297,161,39,119,-0.2547,-1,-1,-1
373,-1,207.83,158.59,48.246,146.74,2.3595,-1,-1,-1
373,-1,254.35,159.34,51.78,157.34,2.0217,-1,-1,-1
373,-1,43.224,64.336,104.56,315.68,1.5534,-1,-1,-1
373,-1,196,126.36,68.644,207.93,0.52396,-1,-1,-1
373,-1,241,97,79,239,-0.22898,-1,-1,-1
373,-1,442.1,1,182.79,550.38,-0.3177,-1,-1,-1
374,-1,212.12,159.34,51.78,157.34,1.8602,-1,-1,-1
374,-1,264.9,159.34,51.78,157.34,1.5604,-1,-1,-1
374,-1,43.224,64.336,104.56,315.68,1.5548,-1,-1,-1
374,-1,257,97,79,239,0.42196,-1,-1,-1
374,-1,209,97,79,239,-0.073903,-1,-1,-1
374,-1,498.3,155.34,41.871,127.61,-0.36444,-1,-1,-1
374,-1,30.857,30.857,148.29,446.86,-0.48337,-1,-1,-1
375,-1,222.68,159.34,51.78,157.34,2.0976,-1,-1,-1
375,-1,60.095,79.793,97.492,294.47,1.8063,-1,-1,-1
375,-1,272.53,148.08,55.569,168.71,1.4841,-1,-1,-1
375,-1,30.857,30.857,148.29,446.86,0.027774,-1,-1,-1
375,-1,209,97,79,239,-0.10183,-1,-1,-1
375,-1,257,97,79,239,-0.28469,-1,-1,-1
376,-1,64.336,64.336,104.56,315.68,2.2223,-1,-1,-1
376,-1,227.53,158.59,48.246,146.74,2.1363,-1,-1,-1
376,-1,275.46,159.34,51.78,157.34,1.4516,-1,-1,-1
376,-1,30.857,30.857,148.29,446.86,0.19874,-1,-1,-1
376,-1,210,105.5,73.643,222.93,-0.054327,-1,-1,-1
376,-1,269.71,105.5,73.643,222.93,-0.13588,-1,-1,-1
376,-1,441,177,39,119,-0.28078,-1,-1,-1
376,-1,352.65,85.88,59.629,180.89,-0.38445,-1,-1,-1
377,-1,275.46,159.34,51.78,157.34,1.7348,-1,-1,-1
377,-1,227.53,158.59,48.246,146.74,1.605,-1,-1,-1
377,-1,64.336,64.336,104.56,315.68,1.5649,-1,-1,-1
377,-1,441,177,39,119,0.16434,-1,-1,-1
377,-1,30.857,30.857,148.29,446.86,0.022206,-1,-1,-1
377,-1,269.71,105.5,73.643,222.93,-0.0020394,-1,-1,-1
377,-1,210,105.5,73.643,222.93,-0.15154,-1,-1,-1
377,-1,351.89,78.976,63.98,193.94,-0.19409,-1,-1,-1
378,-1,64.336,64.336,104.56,315.68,2.8646,-1,-1,-1
378,-1,227.27,148.08,55.569,168.71,1.7823,-1,-1,-1
378,-1,283.84,148.08,55.569,168.71,1.3275,-1,-1,-1
378,-1,446.86,172.48,41.871,127.61,0.6145,-1,-1,-1
378,-1,30.857,30.857,148.29,446.86,0.11975,-1,-1,-1
378,-1,273,97,79,239,0.10636,-1,-1,-1
378,-1,363.04,80.196,55.569,168.71,-0.25638,-1,-1,-1
378,-1,437.53,110.13,59.629,180.89,-0.38527,-1,-1,-1
378,-1,185,213,19,59,-0.38529,-1,-1,-1
378,-1,429.71,35.297,84.742,256.23,-0.43969,-1,-1,-1
379,-1,46.255,46.255,112.14,338.41,2.8494,-1,-1,-1
379,-1,233.23,148.78,51.78,157.34,1.9179,-1,-1,-1
379,-1,286.01,159.34,51.78,157.34,1.5933,-1,-1,-1
379,-1,449,177,39,119,0.55223,-1,-1,-1
379,-1,269.71,120.43,73.643,222.93,0.32752,-1,-1,-1
379,-1,442.23,114.14,55.569,168.71,-0.16588,-1,-1,-1
379,-1,359.28,60.714,73.643,222.93,-0.23255,-1,-1,-1
379,-1,33,33,159,479,-0.42047,-1,-1,-1
379,-1,561,49,79,239,-0.48183,-1,-1,-1
380,-1,43.224,64.336,104.56,315.68,2.1379,-1,-1,-1
380,-1,233.23,159.34,51.78,157.34,1.9448,-1,-1,-1
380,-1,523.01,168.44,48.246,146.74,1.4975,-1,-1,-1
380,-1,283.84,148.08,55.569,168.71,1.2933,-1,-1,-1
380,-1,455.86,189.44,31.49,96.47,0.47259,-1,-1,-1
380,-1,30.857,30.857,148.29,446.86,0.39017,-1,-1,-1
380,-1,433.8,159.34,51.78,157.34,0.04619,-1,-1,-1
380,-1,273,97,79,239,-0.021246,-1,-1,-1
380,-1,498.3,86.742,84.742,256.23,-0.10979,-1,-1,-1
380,-1,429.71,35.297,84.742,256.23,-0.29338,-1,-1,-1
380,-1,177,213,19,59,-0.38876,-1,-1,-1
381,-1,46.255,68.882,112.14,338.41,2.2159,-1,-1,-1
381,-1,296.57,159.34,51.78,157.34,1.8287,-1,-1,-1
381,-1,233.23,159.34,51.78,157.34,1.409,-1,-1,-1
381,-1,518.25,169.9,51.78,157.34,1.1127,-1,-1,-1
381,-1,284.64,105.5,73.643,222.93,0.85613,-1,-1,-1
381,-1,457,177,39,119,0.39244,-1,-1,-1
381,-1,210,105.5,73.643,222.93,-0.34349,-1,-1,-1
381,-1,433.8,159.34,51.78,157.34,-0.42808,-1,-1,-1
382,-1,296.47,158.59,48.246,146.74,1.7284,-1,-1,-1
382,-1,25.251,49.503,120.26,362.77,1.6572,-1,-1,-1
382,-1,233.23,159.34,51.78,157.34,1.3812,-1,-1,-1
382,-1,521.43,159.39,55.569,168.71,0.99636,-1,-1,-1
382,-1,284.64,105.5,73.643,222.93,0.97512,-1,-1,-1
382,-1,212.36,193.98,44.948,136.84,0.12241,-1,-1,-1
382,-1,498.3,86.742,84.742,256.23,-0.063092,-1,-1,-1
382,-1,442.1,166.41,44.948,136.84,-0.07332,-1,-1,-1
383,-1,286.01,159.34,51.78,157.34,1.7412,-1,-1,-1
383,-1,23.627,68.882,112.14,338.41,1.7392,-1,-1,-1
383,-1,522.41,158.63,59.629,180.89,1.4572,-1,-1,-1
383,-1,284.64,105.5,73.643,222.93,0.99735,-1,-1,-1
383,-1,247.23,168.44,48.246,146.74,0.6923,-1,-1,-1
383,-1,212.36,193.98,44.948,136.84,0.36722,-1,-1,-1
383,-1,441,177,39,119,0.25851,-1,-1,-1
383,-1,498.3,103.89,84.742,256.23,0.2388,-1,-1,-1
383,-1,219.26,158.63,59.629,180.89,-0.13981,-1,-1,-1
383,-1,254.35,22.112,104.56,315.68,-0.47919,-1,-1,-1
384,-1,286.01,159.34,51.78,157.34,2.1993,-1,-1,-1
384,-1,516.37,140.29,68.644,207.93,1.3033,-1,-1,-1
384,-1,243.79,159.34,51.78,157.34,1.2575,-1,-1,-1
384,-1,22.112,64.336,104.56,315.68,1.2567,-1,-1,-1
384,-1,273,97,79,239,1.0711,-1,-1,-1
384,-1,449.65,195.01,29.314,89.943,0.42223,-1,-1,-1
384,-1,1,30.857,148.29,446.86,0.23985,-1,-1,-1
384,-1,429.71,163.91,41.871,127.61,-0.082702,-1,-1,-1
384,-1,215.35,189.63,41.871,127.61,-0.29826,-1,-1,-1
384,-1,224.93,135.36,73.643,222.93,-0.33167,-1,-1,-1
385,-1,520.84,143.96,63.98,193.94,1.6653,-1,-1,-1
385,-1,22.112,64.336,104.56,315.68,1.6214,-1,-1,-1
385,-1,237.38,158.59,48.246,146.74,1.2677,-1,-1,-1
385,-1,283.84,148.08,55.569,168.71,1.2207,-1,-1,-1
385,-1,273,97,79,239,0.95724,-1,-1,-1
385,-1,443.59,195.01,29.314,89.943,0.54716,-1,-1,-1
385,-1,237.79,140.29,68.644,207.93,0.33978,-1,-1,-1
385,-1,432.91,157.22,44.948,136.84,0.083015,-1,-1,-1
385,-1,233.23,22.112,104.56,315.68,-0.029139,-1,-1,-1
385,-1,1,30.857,148.29,446.86,-0.33217,-1,-1,-1
385,-1,498.8,23.627,112.14,338.41,-0.3512,-1,-1,-1
385,-1,149,213,19,59,-0.42101,-1,-1,-1
385,-1,340.52,73.754,59.629,180.89,-0.44276,-1,-1,-1
386,-1,520.84,143.96,63.98,193.94,2.5828,-1,-1,-1
386,-1,238.59,148.08,55.569,168.71,2.2367,-1,-1,-1
386,-1,283.84,148.08,55.569,168.71,1.6237,-1,-1,-1
386,-1,275.37,86.742,84.742,256.23,0.9364,-1,-1,-1
386,-1,1,49.503,120.26,362.77,0.54763,-1,-1,-1
386,-1,442.23,193.33,27.284,83.853,0.2546,-1,-1,-1
386,-1,429.71,163.91,41.871,127.61,-0.035278,-1,-1,-1
386,-1,233.23,22.112,104.56,315.68,-0.21774,-1,-1,-1
386,-1,498.8,23.627,112.14,338.41,-0.31605,-1,-1,-1
387,-1,237.38,158.59,48.246,146.74,2.455,-1,-1,-1
387,-1,283.84,148.08,55.569,168.71,2.401,-1,-1,-1
387,-1,516.37,140.29,68.644,207.93,1.5764,-1,-1,-1
387,-1,275.37,69.594,84.742,256.23,0.46337,-1,-1,-1
387,-1,223.86,112.43,68.644,207.93,0.34593,-1,-1,-1
387,-1,20.698,119.19,97.492,294.47,0.33431,-1,-1,-1
387,-1,498.8,23.627,112.14,338.41,0.3325,-1,-1,-1
387,-1,425,169,39,119,0.27513,-1,-1,-1
387,-1,233.23,22.112,104.56,315.68,0.058538,-1,-1,-1
387,-1,296.57,22.112,104.56,315.68,-0.35809,-1,-1,-1
387,-1,-24.992,26.992,128.96,388.88,-0.43599,-1,-1,-1
388,-1,233.23,159.34,51.78,157.34,2.1304,-1,-1,-1
388,-1,283.84,148.08,55.569,168.71,1.9575,-1,-1,-1
388,-1,523.5,135.36,73.643,222.93,1.4125,-1,-1,-1
388,-1,258.23,86.742,84.742,256.23,1.0364,-1,-1,-1
388,-1,33,161,79,239,0.35217,-1,-1,-1
388,-1,417,177,39,119,0.30011,-1,-1,-1
388,-1,295.07,56.138,90.896,274.69,0.11985,-1,-1,-1
388,-1,498.8,46.255,112.14,338.41,0.035518,-1,-1,-1
388,-1,210,105.5,73.643,222.93,-0.045276,-1,-1,-1
388,-1,1,49.503,120.26,362.77,-0.047616,-1,-1,-1
388,-1,219.26,1,120.26,362.77,-0.22242,-1,-1,-1
389,-1,529,129,79,239,2.5756,-1,-1,-1
389,-1,237.38,168.44,48.246,146.74,2.1322,-1,-1,-1
389,-1,283.84,159.39,55.569,168.71,1.8659,-1,-1,-1
389,-1,223.86,112.43,68.644,207.93,0.92864,-1,-1,-1
389,-1,257,97,79,239,0.80012,-1,-1,-1
389,-1,1,106.56,104.56,315.68,0.31995,-1,-1,-1
389,-1,498.8,23.627,112.14,338.41,0.10793,-1,-1,-1
389,-1,417,177,39,119,0.036255,-1,-1,-1
389,-1,212.12,22.112,104.56,315.68,-0.14291,-1,-1,-1
389,-1,295.07,56.138,90.896,274.69,-0.16133,-1,-1,-1
390,-1,529,129,79,239,2.6955,-1,-1,-1
390,-1,222.68,159.34,51.78,157.34,2.1716,-1,-1,-1
390,-1,275.46,159.34,51.78,157.34,1.7306,-1,-1,-1
390,-1,258.31,74.517,90.896,274.69,0.41933,-1,-1,-1
390,-1,409,177,39,119,0.32866,-1,-1,-1
390,-1,486.03,25.251,120.26,362.77,0.27734,-1,-1,-1
390,-1,209,97,79,239,0.26205,-1,-1,-1
390,-1,1,119.19,97.492,294.47,0.09766,-1,-1,-1
391,-1,515.62,111.28,90.896,274.69,2.8985,-1,-1,-1
391,-1,217.68,158.59,48.246,146.74,2.3509,-1,-1,-1
391,-1,264.9,159.34,51.78,157.34,1.3662,-1,-1,-1
391,-1,239.93,74.517,90.896,274.69,0.27449,-1,-1,-1
391,-1,494.85,26.992,128.96,388.88,-0.21729,-1,-1,-1
391,-1,395.41,155.34,41.871,127.61,-0.23769,-1,-1,-1
391,-1,196,140.29,68.644,207.93,-0.23941,-1,-1,-1
391,-1,276.78,40.397,97.492,294.47,-0.4937,-1,-1,-1
392,-1,513.16,99.492,97.492,294.47,2.7184,-1,-1,-1
392,-1,212.12,159.34,51.78,157.34,2.2574,-1,-1,-1
392,-1,266.93,178.28,48.246,146.74,0.70401,-1,-1,-1
392,-1,395.09,188.95,29.314,89.943,0.40457,-1,-1,-1
392,-1,251.72,140.29,68.644,207.93,0.34122,-1,-1,-1
392,-1,386.96,148.03,44.948,136.84,0.30223,-1,-1,-1
392,-1,195.07,120.43,73.643,222.93,0.25858,-1,-1,-1
392,-1,221.55,56.138,90.896,274.69,-0.037959,-1,-1,-1
392,-1,254.35,43.224,104.56,315.68,-0.077085,-1,-1,-1
392,-1,468.86,26.992,128.96,388.88,-0.38059,-1,-1,-1
393,-1,212.36,166.41,44.948,136.84,2.0273,-1,-1,-1
393,-1,513.16,99.492,97.492,294.47,1.998,-1,-1,-1
393,-1,254.35,159.34,51.78,157.34,1.2829,-1,-1,-1
393,-1,237.38,60.095,97.492,294.47,0.52377,-1,-1,-1
393,-1,389.02,188.95,29.314,89.943,0.15159,-1,-1,-1
393,-1,196,112.43,68.644,207.93,0.1009,-1,-1,-1
393,-1,377.77,157.22,44.948,136.84,-0.21773,-1,-1,-1
393,-1,468.86,26.992,128.96,388.88,-0.3049,-1,-1,-1
394,-1,217.68,168.44,48.246,146.74,2.3874,-1,-1,-1
394,-1,521.43,91.51,112.14,338.41,1.8155,-1,-1,-1
394,-1,254.35,159.34,51.78,157.34,1.2076,-1,-1,-1
394,-1,241.08,86.742,84.742,256.23,0.4891,-1,-1,-1
394,-1,243.51,1,120.26,362.77,-0.14421,-1,-1,-1
394,-1,193.33,148.08,55.569,168.71,-0.25057,-1,-1,-1
394,-1,377.77,148.03,44.948,136.84,-0.25121,-1,-1,-1
394,-1,189.63,86.742,84.742,256.23,-0.44598,-1,-1,-1
395,-1,201.57,159.34,51.78,157.34,2.0728,-1,-1,-1
395,-1,532.85,99.492,97.492,294.47,1.9943,-1,-1,-1
395,-1,257.08,158.59,48.246,146.74,1.9769,-1,-1,-1
395,-1,251.72,112.43,68.644,207.93,0.67155,-1,-1,-1
395,-1,257.08,40.397,97.492,294.47,0.42315,-1,-1,-1
395,-1,502.44,56.715,138.29,416.86,0.19366,-1,-1,-1
395,-1,378.26,155.34,41.871,127.61,-0.066946,-1,-1,-1
395,-1,189.63,86.742,84.742,256.23,-0.4312,-1,-1,-1
396,-1,201.57,159.34,51.78,157.34,2.5374,-1,-1,-1
396,-1,257.08,158.59,48.246,146.74,2.0049,-1,-1,-1
396,-1,521.43,91.51,112.14,338.41,1.8098,-1,-1,-1
396,-1,227.27,23.627,112.14,338.41,0.57884,-1,-1,-1
396,-1,365.42,158.59,48.246,146.74,-0.1518,-1,-1,-1
397,-1,197.98,168.44,48.246,146.74,2.0973,-1,-1,-1
397,-1,254.35,159.34,51.78,157.34,2.0351,-1,-1,-1
397,-1,196,112.43,68.644,207.93,0.9945,-1,-1,-1
397,-1,521.43,91.51,112.14,338.41,0.92436,-1,-1,-1
397,-1,237.38,40.397,97.492,294.47,0.89804,-1,-1,-1
397,-1,369,169,39,119,-0.01108,-1,-1,-1
398,-1,249.9,159.39,55.569,168.71,2.2829,-1,-1,-1
398,-1,193.33,159.39,55.569,168.71,1.0432,-1,-1,-1
398,-1,520.84,52.984,128.96,388.88,0.48658,-1,-1,-1
398,-1,237.38,40.397,97.492,294.47,0.4257,-1,-1,-1
398,-1,189.63,86.742,84.742,256.23,0.022834,-1,-1,-1
398,-1,368.7,198.99,27.284,83.853,-0.19893,-1,-1,-1
398,-1,369,169,39,119,-0.25486,-1,-1,-1
399,-1,207.83,168.44,48.246,146.74,1.868,-1,-1,-1
399,-1,257.08,168.44,48.246,146.74,1.7351,-1,-1,-1
399,-1,227.27,23.627,112.14,338.41,0.71076,-1,-1,-1
399,-1,182.02,159.39,55.569,168.71,-0.1348,-1,-1,-1
399,-1,546.83,52.984,128.96,388.88,-0.21462,-1,-1,-1
399,-1,365.18,196.29,25.39,78.17,-0.48904,-1,-1,-1
400,-1,204.65,159.39,55.569,168.71,2.5686,-1,-1,-1
400,-1,249.9,159.39,55.569,168.71,2.562,-1,-1,-1
400,-1,237.38,40.397,97.492,294.47,0.47727,-1,-1,-1
400,-1,363.04,193.33,27.284,83.853,0.0075321,-1,-1,-1
400,-1,193,97,79,239,-0.15666,-1,-1,-1
400,-1,361.12,163.91,41.871,127.61,-0.28006,-1,-1,-1
401,-1,201.57,159.34,51.78,157.34,2.7564,-1,-1,-1
401,-1,243.79,159.34,51.78,157.34,2.3159,-1,-1,-1
401,-1,195.07,105.5,73.643,222.93,0.33423,-1,-1,-1
401,-1,221.55,56.138,90.896,274.69,0.1209,-1,-1,-1
401,-1,345.72,148.74,48.246,146.74,-0.28611,-1,-1,-1
402,-1,193.33,148.08,55.569,168.71,3.1775,-1,-1,-1
402,-1,247.23,158.59,48.246,146.74,1.9733,-1,-1,-1
402,-1,217.68,40.397,97.492,294.47,0.46895,-1,-1,-1
402,-1,177,81,79,239,-0.10558,-1,-1,-1
402,-1,353,197,19,59,-0.44774,-1,-1,-1
402,-1,341.01,138.84,44.948,136.84,-0.46723,-1,-1,-1
403,-1,201.57,159.34,51.78,157.34,2.6262,-1,-1,-1
403,-1,247.23,168.44,48.246,146.74,1.2431,-1,-1,-1
403,-1,217.68,40.397,97.492,294.47,0.90572,-1,-1,-1
403,-1,177,97,79,239,0.25662,-1,-1,-1
403,-1,350.65,197.98,23.623,72.869,-0.2312,-1,-1,-1
403,-1,343.97,146.76,41.871,127.61,-0.41601,-1,-1,-1
404,-1,201.57,159.34,51.78,157.34,1.9843,-1,-1,-1
404,-1,247.23,168.44,48.246,146.74,1.1235,-1,-1,-1
404,-1,349.35,196.29,25.39,78.17,0.47346,-1,-1,-1
404,-1,217.68,40.397,97.492,294.47,0.44214,-1,-1,-1
404,-1,177,97,79,239,-0.14532,-1,-1,-1
404,-1,343.97,155.34,41.871,127.61,-0.46396,-1,-1,-1
405,-1,193.33,148.08,55.569,168.71,1.5056,-1,-1,-1
405,-1,247.23,158.59,48.246,146.74,1.0693,-1,-1,-1
405,-1,217.68,40.397,97.492,294.47,0.59124,-1,-1,-1
405,-1,348.25,193.92,20.435,63.306,0.0080962,-1,-1,-1
405,-1,177,97,79,239,-0.14992,-1,-1,-1
405,-1,345,145,39,119,-0.38597,-1,-1,-1
406,-1,197.98,158.59,48.246,146.74,2.1744,-1,-1,-1
406,-1,243.79,159.34,51.78,157.34,1.0059,-1,-1,-1
406,-1,180.14,105.5,73.643,222.93,0.94619,-1,-1,-1
406,-1,217.68,20.698,97.492,294.47,0.79786,-1,-1,-1
406,-1,341.01,148.03,44.948,136.84,-0.082978,-1,-1,-1
407,-1,197.98,158.59,48.246,146.74,2.8377,-1,-1,-1
407,-1,249.9,148.08,55.569,168.71,0.8752,-1,-1,-1
407,-1,212.12,22.112,104.56,315.68,0.48314,-1,-1,-1
407,-1,165.21,105.5,73.643,222.93,-0.099733,-1,-1,-1
408,-1,201.57,148.78,51.78,157.34,2.5179,-1,-1,-1
408,-1,254.35,148.78,51.78,157.34,1.2803,-1,-1,-1
408,-1,212.12,22.112,104.56,315.68,0.76089,-1,-1,-1
408,-1,344.07,191.01,25.39,78.17,-0.1952,-1,-1,-1
408,-1,335.87,129.04,48.246,146.74,-0.20575,-1,-1,-1
408,-1,165.21,105.5,73.643,222.93,-0.39437,-1,-1,-1
409,-1,201.57,148.78,51.78,157.34,3.0277,-1,-1,-1
409,-1,254.35,148.78,51.78,157.34,1.3649,-1,-1,-1
409,-1,217.68,20.698,97.492,294.47,0.78223,-1,-1,-1
409,-1,341.01,138.84,44.948,136.84,-0.32496,-1,-1,-1
409,-1,177,97,79,239,-0.44911,-1,-1,-1
410,-1,191.01,148.78,51.78,157.34,2.108,-1,-1,-1
410,-1,243.79,148.78,51.78,157.34,1.4611,-1,-1,-1
410,-1,197.98,20.698,97.492,294.47,0.61022,-1,-1,-1
410,-1,338.79,185.73,25.39,78.17,0.094862,-1,-1,-1
410,-1,335.87,138.89,48.246,146.74,-0.2662,-1,-1,-1
411,-1,188.13,158.59,48.246,146.74,2.1143,-1,-1,-1
411,-1,243.79,148.78,51.78,157.34,1.5645,-1,-1,-1
411,-1,197.98,20.698,97.492,294.47,0.44164,-1,-1,-1
411,-1,331.83,184.79,21.974,67.922,0.27874,-1,-1,-1
411,-1,322.64,138.84,44.948,136.84,-0.46157,-1,-1,-1
412,-1,184.79,166.41,44.948,136.84,2.7153,-1,-1,-1
412,-1,237.38,158.59,48.246,146.74,1.8561,-1,-1,-1
412,-1,191.01,22.112,104.56,315.68,0.18058,-1,-1,-1
412,-1,322.96,185.73,25.39,78.17,-0.17427,-1,-1,-1
412,-1,321,153,39,119,-0.36792,-1,-1,-1
413,-1,178.28,158.59,48.246,146.74,2.4548,-1,-1,-1
413,-1,237.38,158.59,48.246,146.74,1.4991,-1,-1,-1
413,-1,182.02,1,112.14,338.41,0.30331,-1,-1,-1
413,-1,318.24,138.19,41.871,127.61,-0.45836,-1,-1,-1
414,-1,178.28,158.59,48.246,146.74,3.275,-1,-1,-1
414,-1,233.23,148.78,51.78,157.34,2.3205,-1,-1,-1
414,-1,178.28,20.698,97.492,294.47,0.37182,-1,-1,-1
415,-1,178.28,158.59,48.246,146.74,3.168,-1,-1,-1
415,-1,222.68,148.78,51.78,157.34,2.143,-1,-1,-1
415,-1,169.9,22.112,104.56,315.68,0.61452,-1,-1,-1
415,-1,311.25,188.13,23.623,72.869,-0.04367,-1,-1,-1
416,-1,168.44,158.59,48.246,146.74,2.8672,-1,-1,-1
416,-1,227.53,158.59,48.246,146.74,1.6291,-1,-1,-1
416,-1,169.9,22.112,104.56,315.68,0.96016,-1,-1,-1
416,-1,304.26,193.98,21.974,67.922,0.32472,-1,-1,-1
416,-1,135.36,135.36,73.643,222.93,-0.20989,-1,-1,-1
417,-1,168.44,158.59,48.246,146.74,2.3641,-1,-1,-1
417,-1,215.96,148.08,55.569,168.71,1.4562,-1,-1,-1
417,-1,158.59,20.698,97.492,294.47,0.81474,-1,-1,-1
417,-1,301.4,193.06,23.623,72.869,0.2315,-1,-1,-1
417,-1,140.29,-26.858,138.29,416.86,-0.45323,-1,-1,-1
418,-1,221.55,166.41,44.948,136.84,1.8129,-1,-1,-1
418,-1,168.44,158.59,48.246,146.74,1.621,-1,-1,-1
418,-1,208.94,130.96,63.98,193.94,1.086,-1,-1,-1
418,-1,158.59,20.698,97.492,294.47,0.78637,-1,-1,-1
418,-1,298.08,182.89,29.314,89.943,-0.43558,-1,-1,-1
419,-1,166.41,166.41,44.948,136.84,2.0941,-1,-1,-1
419,-1,217.68,158.59,48.246,146.74,1.8119,-1,-1,-1
419,-1,158.59,20.698,97.492,294.47,0.86043,-1,-1,-1
419,-1,300.81,187.68,27.284,83.853,-0.37364,-1,-1,-1
419,-1,286.63,129.04,48.246,146.74,-0.43584,-1,-1,-1
419,-1,530.29,28.858,138.29,416.86,-0.47872,-1,-1,-1
