1,-1,1697,367,160.2,385.1,1
1,-1,1291,449,73.2,215,1
1,-1,1255,538,62.7,115.7,1
1,-1,248,435,129.4,272.9,0.999
1,-1,863,517,39.9,114.1,0.744
2,-1,265,442,108.6,272,1
2,-1,1251,529,64.7,130.5,1
2,-1,1695,386,150.8,353.3,1
2,-1,1295,461,72.6,204.5,1
2,-1,856,518,42.2,111.9,0.883
3,-1,1285,461,82.9,208.5,1
3,-1,1683,387,164.3,338.5,1
3,-1,262,456,106.4,253.2,1
3,-1,855,518,41.8,115.1,0.928
3,-1,1259,545,50.4,127.6,0.629
4,-1,1267,536,58,129.8,1
4,-1,266,453,104.6,257.3,1
4,-1,1288,459,85.8,201.9,1
4,-1,1693,388,166.6,345,1
4,-1,864,517,39.8,106.5,0.786
5,-1,1703,396,138,331.8,1
5,-1,1268,527,58.3,139,1
5,-1,268,452,100,256.4,1
5,-1,1298,456,74.5,210.9,1
5,-1,863,516,40.3,115.6,0.782
6,-1,1689,371,162.5,364.7,1
6,-1,273,454,100.5,253.1,1
6,-1,1296,457,84.7,209.2,1
6,-1,1263,538,62,119.5,1
6,-1,863,521,39,107.2,0.59
7,-1,263,437,105,292.6,1
7,-1,1303,464,78.7,196.2,1
7,-1,1274,531,51,134.2,1
7,-1,1676,373,163.2,357.1,1
8,-1,1670,378,165.7,383.8,1
8,-1,280,446,108.7,260.5,1
8,-1,1273,534,62,126.9,1
8,-1,1304,454,72.7,204.2,1
8,-1,109,492,89.1,251.4,0.454
9,-1,1682,374,163,383.8,1
9,-1,1275,532,53.3,127.2,1
9,-1,1300,444,81.1,213.7,1
9,-1,286,455,93.1,246.8,0.999
10,-1,1271,532,67.3,137.4,1
10,-1,1687,404,137.1,349.7,1
10,-1,1309,454,84.3,210.9,1
10,-1,270,445,117.3,272.1,0.999
11,-1,1666,382,172.2,365.3,1
11,-1,1277,535,64.4,134.6,1
11,-1,1305,451,85.2,213,1
11,-1,271,444,116.1,264.8,0.999
12,-1,1683,376,151.5,389.8,1
12,-1,1313,452,75.6,212.5,1
12,-1,1277,541,56,129,1
12,-1,283,437,109.4,269.3,0.999
12,-1,1805,442,65.4,186.9,0.538
12,-1,866,519,46.3,113.7,0.527
13,-1,285,438,106.5,265.9,1
13,-1,1287,534,51.1,130.5,1
13,-1,1678,388,147.4,371.2,1
13,-1,1307,454,76.8,208.5,1
13,-1,1798,442,68.8,189.8,0.924
13,-1,-84,234,327.5,709.4,0.566
13,-1,868,517,47,114.9,0.544
14,-1,1318,461,82.2,204,1
14,-1,1662,376,186.1,392,1
14,-1,1283,541,53,123.9,1
14,-1,292,447,105.6,265.5,0.999
14,-1,-68,226,291.8,675.6,0.657
14,-1,868,520,45.4,113.2,0.61
15,-1,1654,378,173.8,375.4,1
15,-1,1314,457,76.6,210.2,1
15,-1,296,444,94.7,262.7,0.999
15,-1,1285,531,48.3,128.4,0.999
15,-1,1796,441,68.7,173.9,0.972
15,-1,-85,212,336,714.8,0.45
16,-1,1666,367,188.4,377.6,1
16,-1,1322,455,81.9,206.9,1
16,-1,1291,530,53.7,132.7,1
16,-1,286,442,111.2,258.7,0.999
16,-1,-68,233,303.3,698.2,0.765
17,-1,1664,376,187.1,376.6,1
17,-1,282,442,122.9,277.3,1
17,-1,1309,461,87.6,206.3,1
17,-1,-74,235,330.7,673.3,0.675
17,-1,871,522,44.4,109.4,0.504
18,-1,1295,538,51,121,1
18,-1,1642,371,184.3,395.4,1
18,-1,1311,448,83.7,213.2,1
18,-1,293,442,105.5,255.5,0.999
18,-1,1796,443,74.4,176.4,0.998
18,-1,-71,222,331.8,721.6,0.96
19,-1,1649,366,184.6,402.5,1
19,-1,1321,451,81.9,212,1
19,-1,307,445,97.3,264,0.999
19,-1,1289,542,58.1,130.8,0.999
19,-1,1807,443,69.2,184.5,0.997
19,-1,-69,236,326.2,701.1,0.977
20,-1,1644,376,178.7,398.1,1
20,-1,1292,533,52.4,137.4,1
20,-1,1328,465,71.9,199,1
20,-1,299,441,98.1,250,0.999
20,-1,1801,440,72.8,180,0.999
20,-1,-74,226,357.5,729.8,0.981
21,-1,1295,536,53.7,130.3,1
21,-1,1645,363,173.1,391.2,1
21,-1,1803,440,70.4,176.8,1
21,-1,1328,466,69.5,196.9,1
21,-1,317,443,86.6,268.5,0.999
21,-1,-77,237,366.6,728.5,0.978
22,-1,1294,536,61.1,131.2,1
22,-1,1327,456,67.2,205.9,1
22,-1,1635,385,192.4,389,1
22,-1,1799,437,71.3,188.5,1
22,-1,306,445,96.9,256.6,0.999
22,-1,-63,241,361.1,698,0.987
23,-1,1640,382,179.1,375.4,1
23,-1,307,441,108.8,269.1,1
23,-1,1305,528,49.9,140.8,1
23,-1,1331,456,74.5,206.4,1
23,-1,1813,439,67.8,201.6,1
23,-1,-89,250,403.8,668.8,0.985
24,-1,307,440,112.1,274.4,1
24,-1,1319,459,80.6,209,1
24,-1,1627,373,178.5,409.8,1
24,-1,1811,432,69.8,205.3,0.997
24,-1,-78,215,397.4,707.1,0.983
25,-1,313,452,100.7,252.5,1
25,-1,1648,379,167.3,383,1
25,-1,1326,449,80.7,219.5,1
25,-1,-73,209,400.8,719.9,0.994
25,-1,1298,545,52.9,120.5,0.812
25,-1,1813,430,69.8,193.6,0.577
26,-1,1333,452,70.7,214.9,1
26,-1,1624,379,193.5,367.4,1
26,-1,1297,541,57.8,121.8,1
26,-1,317,445,105.5,270.5,0.999
26,-1,-104,239,476.5,676.9,0.991
26,-1,1803,334,201.3,456.4,0.609
27,-1,1307,533,52.6,128.9,1
27,-1,1622,371,196.4,386.8,1
27,-1,1326,453,83.7,219.5,1
27,-1,321,455,104.5,261.4,0.999
27,-1,-76,233,410.2,673,0.994
27,-1,1823,304,166,497.7,0.532
28,-1,1632,362,178.8,424.4,1
28,-1,1337,456,71.9,203.2,1
28,-1,1304,541,48.6,129.8,1
28,-1,308,444,107.6,266.6,0.999
28,-1,-60,226,425,683,0.994
28,-1,1809,314,185.5,453.5,0.501
29,-1,1634,362,167.7,417.5,1
29,-1,1330,459,71.9,206.2,1
29,-1,315,458,104.9,247.3,0.999
29,-1,1301,532,55.7,133.2,0.997
29,-1,-73,211,464.9,717.3,0.995
29,-1,1805,324,183.6,455.6,0.699
30,-1,1643,364,169.4,430.2,1
30,-1,1339,460,63.6,202.9,1
30,-1,1303,537,61.8,128.2,1
30,-1,-78,207,506.7,710.9,0.996
30,-1,1809,308,179.6,473.2,0.95
31,-1,1330,460,73.2,196.2,1
31,-1,1628,361,167.2,418.1,1
31,-1,1304,537,51.6,129,1
31,-1,-69,240,495.3,676.5,0.999
31,-1,1805,300,181.9,498,0.951
32,-1,1636,359,164.2,407.1,1
32,-1,1334,461,72.9,204.7,1
32,-1,1303,535,59.6,130.7,1
32,-1,-64,242,506.5,675.7,0.996
32,-1,1823,296,146.3,489.9,0.976
33,-1,1617,356,176.1,430.7,1
33,-1,1329,464,81.6,214.5,1
33,-1,-50,230,497.6,684.7,0.996
33,-1,1805,308,174.9,494.1,0.953
34,-1,1633,360,153.2,417.5,1
34,-1,1314,533,53.7,135.5,1
34,-1,1338,462,70.4,204.1,1
34,-1,-38,219,503.1,688.5,0.997
34,-1,1807,306,171.1,478.3,0.982
35,-1,1316,534,53.4,135.2,1
35,-1,1621,351,169.8,415.7,1
35,-1,1337,464,70.5,211.6,1
35,-1,-13,240,476.9,677.1,0.999
35,-1,1806,294,171.3,480.1,0.988
36,-1,1605,369,198.9,413.4,1
36,-1,1310,538,56.4,132.5,1
36,-1,1340,458,72.7,207.2,1
36,-1,-24,237,497.7,665.7,0.999
36,-1,1795,294,183.5,497.1,0.993
37,-1,1312,538,53.5,123.6,1
37,-1,1626,372,166.3,416,1
37,-1,13,248,458.4,673.2,1
37,-1,1339,463,75,209.9,1
37,-1,1791,293,181.6,503.9,0.997
38,-1,39,248,443.8,648.6,1
38,-1,1312,528,47.9,131.5,1
38,-1,1341,451,77.2,223.9,1
38,-1,1613,369,184.5,425,1
38,-1,1785,312,186.4,463.5,0.995
39,-1,1314,538,50.5,127.8,1
39,-1,1342,451,80.2,225,1
39,-1,1605,355,169.6,444.6,1
39,-1,82,229,403.9,675.3,1
39,-1,1789,307,181.3,484.7,0.998
40,-1,1338,453,78,215.7,1
40,-1,97,254,393.5,660.5,1
40,-1,1624,361,177.9,414.3,1
40,-1,1304,529,54.3,130.2,1
40,-1,1776,296,196.8,492,0.994
41,-1,125,234,363.3,683.8,1
41,-1,1628,359,162.8,429.7,1
41,-1,1306,527,53.2,133.5,1
41,-1,1338,465,76.2,202.5,1
41,-1,1801,309,159.9,461.7,0.998
42,-1,130,226,380.2,683.4,1
42,-1,1608,356,168,447,1
42,-1,1316,533,48.2,132.4,1
42,-1,1334,464,90.5,204.6,1
42,-1,1788,310,172.9,470.3,0.998
43,-1,1591,355,183.7,427,1
43,-1,213,260,324,608.9,1
43,-1,1343,463,76.1,205.4,1
43,-1,1316,532,48,131.3,1
43,-1,1780,299,184.6,484.2,0.997
44,-1,1343,462,74.5,197.8,1
44,-1,1316,534,47.6,128.9,1
44,-1,1612,350,162.1,451.4,1
44,-1,223,243,307.8,639.7,1
44,-1,1779,295,184,485.6,0.998
45,-1,1317,534,48.3,132.8,1
45,-1,262,239,291.7,640.5,1
45,-1,1594,366,204.9,422.3,1
45,-1,1340,458,81.4,212.8,1
45,-1,1794,292,166.4,497.7,0.998
46,-1,1318,526,50.4,141.8,1
46,-1,1605,357,181.4,419,1
46,-1,311,245,237.9,626.7,1
46,-1,1343,455,73.9,208.8,1
46,-1,1787,306,177.6,492.9,0.998
47,-1,1582,345,206,445.7,1
47,-1,310,250,277.9,630.2,1
47,-1,1317,525,51,144.2,1
47,-1,1340,455,84.1,214.7,1
47,-1,1784,300,179.7,494.4,0.998
48,-1,311,252,289.7,634.5,1
48,-1,1576,340,204.9,469.5,1
48,-1,1319,532,47.9,137.7,1
48,-1,1340,462,82.9,211.4,1
48,-1,1771,304,197.3,490.7,0.998
48,-1,233,457,93.1,266.2,0.809
49,-1,1321,529,43.4,132.2,1
49,-1,1345,460,80.9,212.2,1
49,-1,342,266,298.6,604.4,1
49,-1,1572,353,215.1,444.6,1
49,-1,1773,280,194.5,507.2,0.997
49,-1,229,457,93.7,249.7,0.76
49,-1,105,491,90.4,257.1,0.511
50,-1,1344,462,83.7,214.1,1
50,-1,1321,530,43.7,132.7,1
50,-1,1566,343,220.3,458,1
50,-1,356,249,312.8,614.6,1
50,-1,1771,294,191.8,510.1,0.999
51,-1,1340,451,80.2,222.3,1
51,-1,1565,345,199.9,442.2,1
51,-1,350,247,329,613.6,1
51,-1,1309,534,54.7,132.3,1
51,-1,1770,297,190.7,508.4,0.999
52,-1,1568,357,194.3,435.4,1
52,-1,1340,447,82.6,229.1,1
52,-1,374,271,326.1,603.7,1
52,-1,1311,536,54.2,131.3,1
52,-1,1771,296,185.7,510.7,0.999
53,-1,1570,336,193.1,470.5,1
53,-1,389,242,307,620.2,1
53,-1,1319,526,47.6,138,1
53,-1,1342,464,80.5,210.4,1
53,-1,1777,286,183.1,495.5,0.999
54,-1,1562,341,210.4,457.8,1
54,-1,1336,455,86.4,210.5,1
54,-1,398,280,322.3,595.8,1
54,-1,1772,281,184.6,519,0.999
55,-1,1753,304,208.5,492.2,1
55,-1,1311,532,52.1,133.1,1
55,-1,377,269,374.7,607.7,1
55,-1,1337,459,86.5,210.1,1
55,-1,1570,365,198.3,429.2,1
56,-1,419,289,328.6,580.4,1
56,-1,1316,532,47.5,132.7,1
56,-1,1338,453,86.7,209.7,1
56,-1,1765,287,187.5,526.8,1
56,-1,1563,349,187.3,453.8,1
56,-1,365,444,107.1,257.7,0.999
57,-1,371,440,109.4,268.8,1
57,-1,1316,534,47.1,131.1,1
57,-1,450,276,277.2,593.7,1
57,-1,1759,283,197.3,532.8,1
57,-1,1548,346,185.9,473.1,1
57,-1,1343,457,74,214.3,1
57,-1,217,459,85.2,257.3,0.508
58,-1,377,448,103.8,255.6,1
58,-1,1331,455,86.8,213.7,1
58,-1,1533,346,219,440.7,1
58,-1,494,268,248.8,573.6,1
58,-1,1770,291,182.5,514.1,1
58,-1,226,465,82.8,247.4,0.403
59,-1,1341,448,82.1,227,1
59,-1,506,260,250.6,590.9,1
59,-1,1552,354,195.5,457.9,1
59,-1,361,443,118.6,275.2,1
59,-1,1759,301,190.6,505.6,1
59,-1,1310,534,54.1,132.4,1
59,-1,217,459,83.6,256.6,0.751
60,-1,1330,456,86.7,211.2,1
60,-1,1528,350,215.1,455.7,1
60,-1,360,439,122.3,280.7,1
60,-1,532,273,249.4,573.1,1
60,-1,1743,281,212.5,538.3,1
61,-1,365,441,118.8,282.2,1
61,-1,1342,453,79.3,219.5,1
61,-1,1744,304,208.2,508.2,1
61,-1,558,271,235,546.1,1
61,-1,1520,331,214.2,462.1,1
61,-1,1318,537,44.3,126,1
61,-1,902,526,39.9,111.2,0.507
62,-1,1520,335,192.9,488.8,1
62,-1,578,248,253.3,604.6,1
62,-1,1331,458,87.5,212.3,1
62,-1,387,423,113.7,274.9,1
62,-1,1761,288,183.7,537.9,1
62,-1,232,453,94.1,261.3,0.991
62,-1,904,526,37.6,102.5,0.736
63,-1,1309,527,54.9,142.1,1
63,-1,1506,341,214.9,466.4,1
63,-1,383,439,102.1,289.1,1
63,-1,1750,292,196.1,537.8,1
63,-1,1337,460,86.5,208.7,1
63,-1,574,247,275.6,581.4,1
63,-1,215,469,79.9,244.1,0.84
63,-1,901,521,40,107.5,0.729
64,-1,574,269,281.5,588.5,1
64,-1,392,437,101.4,265.9,1
64,-1,1528,343,191.7,475.7,1
64,-1,1316,535,47.8,128.7,1
64,-1,1348,465,68.9,210.6,1
64,-1,1746,284,192.5,557.2,1
64,-1,214,471,86.3,233.4,0.985
64,-1,910,527,42.7,108.8,0.653
65,-1,401,442,113.1,270.8,1
65,-1,1747,288,176.5,547.7,1
65,-1,1315,534,48.6,127.5,1
65,-1,1342,450,80.2,225,1
65,-1,1518,341,193.5,474.3,1
65,-1,614,281,294.4,584.4,1
65,-1,218,481,89.8,238.6,0.998
65,-1,908,519,45.2,105.8,0.776
66,-1,1717,275,215,553.8,1
66,-1,623,282,263.5,561.7,1
66,-1,1335,455,84.6,219.9,1
66,-1,405,438,112.7,253.8,1
66,-1,1514,334,203.6,486.2,1
66,-1,235,471,75.9,237.9,0.999
66,-1,1311,537,46.8,128.4,0.996
66,-1,906,521,42.9,116.2,0.796
67,-1,404,440,123.3,267.7,1
67,-1,631,277,284.8,557,1
67,-1,1504,335,205.9,495.2,1
67,-1,1339,465,90.3,199.8,1
67,-1,236,481,82.1,237.6,1
67,-1,1720,266,204.7,562.2,1
67,-1,1312,539,53.6,126.5,1
68,-1,409,432,114.5,275.6,1
68,-1,1339,457,81,212.7,1
68,-1,228,478,92.4,229.8,1
68,-1,1311,531,48,133.6,1
68,-1,1735,289,185.8,548.3,1
68,-1,1519,334,191.4,501.8,1
68,-1,628,274,292.2,565.9,1
69,-1,231,484,89,226.9,1
69,-1,1513,354,195.3,483.8,1
69,-1,1718,284,207.9,535.8,1
69,-1,404,427,121.7,282.9,1
69,-1,1346,465,69.5,211.1,1
69,-1,665,287,260.5,545,1
69,-1,1308,540,54.3,127.4,1
70,-1,1508,355,181.3,482.2,1
70,-1,410,420,121.2,298.1,1
70,-1,236,474,98.5,242.7,1
70,-1,1335,453,84.4,222.5,1
70,-1,693,286,256.4,537.6,1
70,-1,1706,270,204.7,568.8,1
71,-1,237,480,95,232,1
71,-1,1702,252,216.8,602.9,1
71,-1,1510,345,188.9,482.1,1
71,-1,409,432,107.4,287,1
71,-1,704,277,244.8,546.2,1
71,-1,1340,455,78.7,208.8,1
71,-1,1311,538,53.8,126.3,1
72,-1,1722,288,188.9,551.3,1
72,-1,239,471,93.1,241.7,1
72,-1,708,274,231.1,540.7,1
72,-1,1513,353,176.3,457.5,1
72,-1,1336,461,86.6,207.4,1
72,-1,419,430,115.8,276.6,1
72,-1,1310,534,50.2,127.4,0.994
73,-1,414,426,107.1,295.2,1
73,-1,1346,465,71.1,212.1,1
73,-1,1715,256,196.8,594.5,1
73,-1,737,289,226.1,511.4,1
73,-1,1491,352,203.1,479.3,1
73,-1,1310,538,54.2,128.1,1
73,-1,256,478,91.3,236.5,1
74,-1,424,441,103.9,257.7,1
74,-1,759,267,209.9,561.8,1
74,-1,1497,335,202.8,504.4,1
74,-1,252,473,91.1,235.3,1
74,-1,1336,462,86.6,206.3,1
74,-1,1701,265,193.6,567.4,1
74,-1,1311,541,47,119.6,0.995
75,-1,1699,264,214.6,564.4,1
75,-1,247,474,105.6,253.5,1
75,-1,412,427,119.2,292.5,1
75,-1,759,280,206.7,528.2,1
75,-1,1334,460,83.4,211.9,1
75,-1,1497,328,196.6,492.8,1
75,-1,1308,532,50.4,139.7,0.987
76,-1,1706,262,215.4,565.5,1
76,-1,415,445,125.4,267.1,1
76,-1,1345,466,70.3,208.7,1
76,-1,261,479,92.6,228.8,1
76,-1,1480,327,227.5,517.9,1
76,-1,1317,531,50.7,141.5,1
76,-1,766,277,227,538.6,1
76,-1,36,510,78.4,250.6,0.654
77,-1,250,470,102.2,251.9,1
77,-1,795,302,205.6,508.2,1
77,-1,1488,335,216.5,490.7,1
77,-1,1338,464,77.8,200.1,1
77,-1,419,435,115.4,275.8,1
77,-1,1706,266,210.5,568.9,1
77,-1,1309,533,55.4,125.8,0.994
77,-1,36,518,76.6,235.5,0.692
78,-1,1708,258,181.4,579.5,1
78,-1,414,423,121.8,289.5,1
78,-1,1338,464,76.6,199.5,1
78,-1,1466,323,220.4,512.8,1
78,-1,795,299,234.2,531.5,1
78,-1,261,468,92.7,227,1
78,-1,1309,527,49.2,135.6,0.999
79,-1,1490,341,185.5,499.7,1
79,-1,268,461,99.4,261.1,1
79,-1,1337,465,76.9,199.6,1
79,-1,416,423,121.8,301.1,1
79,-1,819,284,228.6,529.1,1
79,-1,1702,271,205.7,587.2,1
79,-1,1310,541,48.3,122.5,0.996
80,-1,432,446,100.2,267,1
80,-1,1462,342,231.6,506.6,1
80,-1,1340,456,83.7,218,1
80,-1,1690,254,200.9,589.3,1
80,-1,818,292,256.9,537.9,1
80,-1,1313,538,53.2,127.1,1
80,-1,274,466,112.9,263.4,0.999
81,-1,1687,267,190.1,595.5,1
81,-1,823,293,242,520.5,1
81,-1,1454,341,234.5,514.6,1
81,-1,444,441,101.7,253.5,1
81,-1,1343,454,87.4,211.3,1
81,-1,1314,540,53,128.2,1
81,-1,262,465,116.1,248.3,0.999
82,-1,270,463,105.6,253.8,1
82,-1,1453,330,236.8,506.7,1
82,-1,434,435,106.9,272,1
82,-1,1344,456,85.3,209,1
82,-1,1315,542,51.2,124.8,1
82,-1,1679,271,209.4,570.9,1
82,-1,828,289,256.5,504.7,1
83,-1,277,475,100.9,236.9,1
83,-1,866,293,230.6,493.8,1
83,-1,1434,328,235.3,506.7,1
83,-1,1674,251,211.3,622.1,1
83,-1,434,434,100.5,265.3,1
83,-1,1340,462,76.1,210.8,1
83,-1,1311,536,54.5,128.2,1
84,-1,866,279,218.6,532.7,1
84,-1,279,471,103.5,236.6,1
84,-1,439,442,97.1,273.5,1
84,-1,1680,257,216.8,596.9,1
84,-1,1432,323,238.3,506.1,1
84,-1,1343,458,70.7,220.8,1
84,-1,1314,542,52.1,126.5,1
85,-1,904,291,196.5,497.9,1
85,-1,281,458,108.8,259.2,1
85,-1,1664,243,221.4,611.8,1
85,-1,445,424,111.2,279.7,1
85,-1,1428,322,242.9,510,1
85,-1,1335,458,90.4,212.1,1
86,-1,1397,335,280.4,513.7,1
86,-1,916,290,204,477.7,1
86,-1,454,424,109.3,288,1
86,-1,285,470,115.3,245.9,1
86,-1,1335,458,91.5,205.6,1
86,-1,1666,233,237.4,628.8,1
87,-1,304,455,91.9,253.7,1
87,-1,456,424,108.7,289.5,1
87,-1,1665,248,237.6,620.4,1
87,-1,1411,324,250.4,530.3,1
87,-1,1333,457,92.4,208.8,1
87,-1,914,282,209.3,496.8,1
88,-1,1665,233,222,625.2,1
88,-1,297,465,104.4,251.3,1
88,-1,453,419,112.9,304.3,1
88,-1,1400,321,277.1,553.3,1
88,-1,1340,464,83.6,212.7,1
88,-1,937,294,200.9,480.2,1
88,-1,1314,536,50.3,132,0.999
89,-1,1408,327,248.3,525.1,1
89,-1,442,423,130.5,289.2,1
89,-1,1661,256,242.7,612,1
89,-1,943,296,211.5,482.9,1
89,-1,1341,453,87,212,1
89,-1,1313,535,55.1,129.6,1
89,-1,301,465,106.3,246.4,0.999
89,-1,18,456,107.3,262.8,0.422
90,-1,932,292,250.8,477.3,1
90,-1,1406,334,232.9,521.5,1
90,-1,1667,229,236.4,650.2,1
90,-1,1333,463,85.2,207.1,1
90,-1,460,420,120.9,280.8,0.999
90,-1,303,453,101.3,263.1,0.999
90,-1,10,451,102.8,301,0.601
91,-1,1384,316,271.9,533.4,1
91,-1,969,303,213.9,484.2,1
91,-1,447,417,124.4,303.5,1
91,-1,1662,246,220.3,630.5,1
91,-1,1336,459,89.3,209.1,1
91,-1,312,463,103.8,246.9,0.999
91,-1,1309,540,50.9,123.9,0.999
91,-1,13,448,89.2,296.9,0.749
92,-1,321,460,87.4,256.9,1
92,-1,956,311,256.7,461.1,1
92,-1,1648,222,227.8,681.4,1
92,-1,452,429,122.2,288.9,1
92,-1,1394,340,237.2,524.3,1
92,-1,1338,454,89.2,220.7,1
92,-1,1311,538,50.8,130.9,0.984
92,-1,-0,449,102.5,308.6,0.762
93,-1,1638,256,236.5,614.3,1
93,-1,1311,535,54.9,130.2,1
93,-1,323,450,88.1,262.4,1
93,-1,1384,321,244.2,550.8,1
93,-1,960,321,250.4,458.5,1
93,-1,455,412,121.7,310.7,1
93,-1,1339,460,85.3,216.8,1
94,-1,1375,330,248.3,556.7,1
94,-1,1638,233,251.5,666.8,1
94,-1,449,410,120.1,298.3,1
94,-1,310,453,102.5,263.3,1
94,-1,1317,545,48.2,119.2,1
94,-1,994,331,234.4,428.8,1
94,-1,1332,463,85.3,212.1,1
95,-1,317,459,103,255.1,1
95,-1,1376,321,244.5,554.4,1
95,-1,1637,260,217.8,609.3,1
95,-1,994,308,228.1,466.4,1
95,-1,1336,460,77.7,212.9,1
95,-1,464,429,105.7,282.2,1
95,-1,1308,542,51.8,124,0.999
96,-1,1312,536,54.2,126.7,1
96,-1,321,452,100.8,266.4,1
96,-1,1633,247,226.7,646.7,1
96,-1,464,423,126.1,303.4,1
96,-1,1001,313,241.7,439.1,1
96,-1,1375,325,218.7,554.5,1
96,-1,1334,448,79.3,216.4,0.98
97,-1,454,416,136,301,1
97,-1,1007,315,235.3,456.4,1
97,-1,325,458,93.7,260,1
97,-1,1640,244,229.2,660.4,1
97,-1,1372,322,236.6,556.8,1
97,-1,1314,533,56.4,129.5,0.999
97,-1,1324,440,83.2,230.4,0.944
98,-1,460,417,114.1,310.6,1
98,-1,1371,311,225.2,563.1,1
98,-1,1044,308,200.7,460.2,1
98,-1,1605,233,253,666.8,1
98,-1,331,450,90.6,259,1
98,-1,1315,533,52.4,126.5,1
98,-1,1320,455,91.6,221.3,0.692
99,-1,1368,312,224.5,570.4,1
99,-1,447,406,140.1,323.4,1
99,-1,1050,323,190.6,432,1
99,-1,1603,240,235.5,647.9,1
99,-1,1313,532,54.3,138.3,1
99,-1,324,451,104.6,257.1,0.999
99,-1,1322,445,87.7,211.9,0.571
100,-1,1358,327,227.7,550,1
100,-1,1051,299,191,451.2,1
100,-1,1607,218,247.5,695.5,1
100,-1,448,403,144.8,325.7,1
100,-1,328,447,99.8,278.1,1
100,-1,1315,531,52.3,127.5,1
101,-1,1078,313,175.1,454.1,1
101,-1,1352,307,221.6,584.4,1
101,-1,1608,230,240.4,690.3,1
101,-1,333,454,93.7,259.8,1
101,-1,458,418,138.7,314.8,1
101,-1,1317,541,48.6,119.8,1
102,-1,460,422,123,293.9,1
102,-1,1601,227,224.8,689.8,1
102,-1,1348,315,221.7,569.6,1
102,-1,1073,320,184.9,423.9,1
102,-1,332,446,99.5,272.6,1
102,-1,1316,535,53,131.4,1
103,-1,1336,307,236.8,581.5,1
103,-1,1573,211,244.7,705.1,1
103,-1,454,430,125.3,284.5,1
103,-1,323,458,108.9,255.4,1
103,-1,1086,322,202.4,429.9,1
103,-1,1303,530,61.1,136.5,0.582
104,-1,1101,314,178.6,432.4,1
104,-1,1581,209,235.2,691.6,1
104,-1,329,450,95.7,265.8,1
104,-1,1344,307,205.5,587.4,1
104,-1,463,402,135.7,326.8,1
104,-1,1313,528,55.9,136.2,0.998
105,-1,1112,337,179.3,414.3,1
105,-1,1329,299,212.2,585.1,1
105,-1,473,426,104.1,286.4,1
105,-1,1580,229,236.5,683.9,1
105,-1,325,451,99.2,264.9,1
106,-1,1579,210,232.3,713.1,1
106,-1,1336,305,227.6,595.4,1
106,-1,1124,347,171.7,397.1,1
106,-1,339,452,85.9,259.3,1
106,-1,461,420,115.6,304.8,1
107,-1,1558,222,260.9,693.3,1
107,-1,1310,302,251.9,596.3,1
107,-1,470,417,116.8,304.9,1
107,-1,1107,318,202.4,427.3,1
107,-1,331,449,110.7,271,0.999
108,-1,1137,320,162.7,421.2,1
108,-1,1318,304,236.4,595.4,1
108,-1,1575,225,216.1,694.5,1
108,-1,449,419,128.9,315.2,1
108,-1,332,464,92.6,246,0.999
109,-1,337,452,93.7,280.1,1
109,-1,1148,338,169.6,412.1,1
109,-1,1308,291,242.9,620.1,1
109,-1,1556,221,250.6,693.8,1
109,-1,466,413,126.3,304.9,1
110,-1,469,422,110.9,301.2,1
110,-1,1307,296,223.3,616.5,1
110,-1,1561,203,216.3,710.5,1
110,-1,336,451,95.7,281.2,1
110,-1,1155,328,175,418.3,1
111,-1,1535,203,236,732.4,1
111,-1,471,402,119.1,335.3,1
111,-1,1305,280,221.1,631.6,1
111,-1,1167,326,160.8,411.4,1
111,-1,339,442,103.4,281.2,1
112,-1,341,446,90.4,282.2,1
112,-1,1166,316,168.6,411.3,1
112,-1,451,399,131.4,337.3,1
112,-1,1297,296,237.8,611.4,1
112,-1,1554,227,239.5,714.1,1
113,-1,1270,300,246.8,605.5,1
113,-1,1182,310,161.5,411.4,1
113,-1,1530,225,235,691.2,1
113,-1,462,410,125.4,325.5,1
113,-1,341,436,104,293.8,0.999
114,-1,1171,315,193,396.2,1
114,-1,443,419,131.3,321.7,1
114,-1,1264,299,265.8,613.1,1
114,-1,1534,220,221.1,738,1
114,-1,345,444,86.8,277.1,0.999
115,-1,1175,356,155.2,359.7,1
115,-1,1529,215,235.3,720.9,1
115,-1,1238,297,284.1,611.2,1
115,-1,466,426,123.2,284.2,1
115,-1,347,445,88.6,277.4,0.999
116,-1,1521,200,245.4,731.5,1
116,-1,445,404,124.5,330.3,1
116,-1,1239,282,266.5,651.3,1
116,-1,348,454,99.6,263.6,0.999
117,-1,1512,187,236,741.4,1
117,-1,461,414,112.3,308.7,1
117,-1,1232,287,263.9,636.4,1
117,-1,343,437,94.8,300.3,0.999
118,-1,1224,287,262.9,635.3,1
118,-1,1502,189,238.3,740.5,1
118,-1,457,393,113.2,335.1,1
118,-1,340,433,97.1,290.4,0.999
119,-1,446,400,115.5,306.6,1
119,-1,344,437,96.5,281.6,1
119,-1,1215,289,271.3,658.2,1
119,-1,1489,196,271.8,759.8,1
120,-1,1488,185,269,777.1,1
120,-1,1211,287,246.7,648.6,1
120,-1,449,405,121.9,321.2,1
120,-1,341,441,96.5,285.8,0.999
121,-1,1186,292,290.4,647.4,1
121,-1,342,448,105.1,289.5,1
121,-1,446,410,119.5,310.5,1
121,-1,1492,169,254.5,784.5,1
122,-1,1162,274,306.9,692.3,1
122,-1,338,444,100.9,284.4,1
122,-1,451,392,114,328.3,1
122,-1,1470,183,252.9,781.9,1
123,-1,335,431,104.7,294.8,1
123,-1,1459,189,273.7,769.9,1
123,-1,1160,277,302.9,678.3,1
123,-1,445,390,118.4,325.6,0.999
124,-1,1465,168,268.4,778.1,1
124,-1,336,443,101,283.7,1
124,-1,1145,271,302.5,690.6,1
124,-1,441,408,118,312.9,0.999
125,-1,1464,173,269,769.6,1
125,-1,331,445,103.8,283.4,1
125,-1,1152,285,300.4,670.4,1
125,-1,439,415,123.2,309.4,0.999
126,-1,1432,161,284.7,817.5,1
126,-1,1132,275,289.6,682.4,1
126,-1,326,437,114.8,301,1
126,-1,440,401,130.7,335,0.999
127,-1,1455,161,248.8,830.6,1
127,-1,1124,284,291.8,675.5,1
127,-1,433,385,125.5,346.9,0.999
127,-1,334,441,113.2,293.3,0.999
128,-1,1126,264,271.6,715.5,1
128,-1,1434,161,269.7,824.3,1
128,-1,458,392,99.9,325.3,0.999
128,-1,326,432,107.5,310.9,0.999
129,-1,1406,174,290,792.7,1
129,-1,336,425,106.9,327,1
129,-1,1120,263,282.5,721,1
129,-1,449,398,123.8,325,0.999
130,-1,1121,253,283.6,711.4,1
130,-1,1406,176,313.6,793.9,1
130,-1,319,438,126.6,286.8,1
130,-1,456,386,112.4,343.5,1
131,-1,1407,144,292.1,856.5,1
131,-1,1123,272,265.8,718.8,1
131,-1,330,418,116.9,330.3,1
131,-1,434,398,149,326.8,1
131,-1,1346,351,95.1,337.5,0.874
131,-1,1685,470,58,124.5,0.418
132,-1,1406,162,279.8,838.2,1
132,-1,431,387,129.8,336.9,1
132,-1,1114,284,270.3,714.8,1
132,-1,327,419,117.9,331.1,1
132,-1,1338,373,114.7,315.3,0.876
133,-1,1364,193,319.5,807,1
133,-1,316,432,119.4,326.2,1
133,-1,1110,249,254.9,744.1,1
133,-1,452,397,116.1,330.1,1
134,-1,1365,169,299.7,817,1
134,-1,326,444,121.2,296.9,1
134,-1,1103,261,275.1,755.1,1
134,-1,435,381,127.2,346.7,0.999
135,-1,1089,266,264.2,729.7,1
135,-1,1350,174,282.4,811.8,1
135,-1,456,399,129.8,330.6,1
135,-1,319,433,127.7,305.4,1
136,-1,1340,161,295.4,830.8,1
136,-1,313,432,113.6,319.6,1
136,-1,1070,251,283,743.1,1
136,-1,446,387,124.9,358.7,1
136,-1,114,514,88.7,239.5,0.72
137,-1,452,394,117.2,336.5,1
137,-1,1328,156,313.9,848.4,1
137,-1,316,422,135.8,314.1,1
137,-1,1078,260,279.8,749.9,1
137,-1,115,506,81.5,242.4,0.674
138,-1,1042,247,310.9,773.4,1
138,-1,1324,121,313.2,870.5,1
138,-1,451,376,131.7,347.8,1
138,-1,327,410,124.8,344,1
139,-1,1324,122,291.4,874.1,1
139,-1,325,408,125.8,345.3,1
139,-1,1018,266,314.2,753.3,1
139,-1,445,393,126.6,351.5,1
139,-1,-41,321,237.3,662.6,0.647
140,-1,1298,138,333.4,900.5,1
140,-1,306,428,127.7,323.2,1
140,-1,1014,241,327.1,804.2,1
140,-1,429,376,146.1,376,1
140,-1,-42,317,249.2,643.8,0.889
141,-1,1017,242,296.3,765.1,1
141,-1,316,437,119.7,299,1
141,-1,1293,150,321.7,847,1
141,-1,450,404,120.9,336.9,1
141,-1,-53,295,260.6,670.9,0.974
142,-1,991,224,311.5,823,1
142,-1,1285,141,313.3,881.8,1
142,-1,311,422,125.4,320.7,1
142,-1,442,408,127.9,331.2,1
142,-1,-45,288,283.9,687,0.988
143,-1,1282,113,298.3,900,1
143,-1,437,388,140.2,365.6,1
143,-1,975,215,309.1,815.3,1
143,-1,312,428,125.3,328.2,1
143,-1,-25,251,242.9,722.1,0.988
144,-1,1257,132,331,884.1,1
144,-1,971,245,319.5,776.9,1
144,-1,310,428,133,328.6,1
144,-1,444,387,128.5,348.9,1
144,-1,-16,279,238.7,699.6,0.998
145,-1,1277,144,300.1,871.5,1
145,-1,953,239,321.4,810.6,1
145,-1,317,428,124.4,328.3,1
145,-1,438,409,138.2,344.6,1
145,-1,-5,284,239.9,676.4,0.997
146,-1,922,225,332.9,821.8,1
146,-1,311,428,125.8,321.3,1
146,-1,1260,139,296.6,887.1,1
146,-1,445,401,141.3,340.3,1
146,-1,20,291,243.2,645.6,0.999
147,-1,50,286,230.7,651,1
147,-1,1244,115,320,936.2,1
147,-1,943,231,300.1,822.5,1
147,-1,307,422,125.8,330.1,1
147,-1,443,395,143.6,350.7,1
148,-1,296,431,145.5,322,1
148,-1,1241,135,331.5,907.3,1
148,-1,924,245,348.6,827.8,1
148,-1,441,377,150.5,372.7,1
148,-1,43,276,267.5,629.6,0.999
148,-1,1693,475,52,120.2,0.491
149,-1,1229,118,319.5,926.4,1
149,-1,921,235,317.3,830.4,1
149,-1,296,423,143.3,335,1
149,-1,445,387,148.9,363.8,1
149,-1,47,274,323.9,647,0.998
149,-1,1692,473,50.3,138.6,0.444
150,-1,306,422,122.8,336.4,1
150,-1,922,209,305.5,895.7,1
150,-1,1236,125,325,932.6,1
150,-1,448,388,136.6,372.2,1
150,-1,54,296,358,618.8,0.999
151,-1,896,225,329.7,857.8,1
151,-1,448,388,145,360.7,1
151,-1,1195,103,356.1,955,1
151,-1,88,300,359.6,624.1,0.999
152,-1,440,379,144,378,1
152,-1,1194,107,343.9,957.1,1
152,-1,886,225,319.1,851.5,1
152,-1,51,306,410,609.8,0.998
153,-1,866,231,339,875.8,1
153,-1,1211,111,311.7,981.3,1
153,-1,455,374,139.3,390.3,1
153,-1,66,292,408.5,611.7,0.999
153,-1,1459,361,132.1,324,0.724
154,-1,1196,96,344.2,995.3,1
154,-1,864,213,341.3,895.8,1
154,-1,453,389,143.1,377,1
154,-1,123,292,333.1,609.2,1
155,-1,440,386,149.7,365,1
155,-1,805,212,393.2,888.1,1
155,-1,1444,361,137.7,314,1
155,-1,1178,83,359.8,1012.3,1
155,-1,93,380,197.6,512.5,0.999
155,-1,155,296,323.6,613.6,0.999
156,-1,110,404,231.4,488.4,1
156,-1,197,281,278.4,636.3,1
156,-1,1160,85,356.1,998.3,1
156,-1,795,216,381.7,908.5,1
156,-1,449,379,151.5,377.3,1
156,-1,1460,369,137.8,299,0.999
156,-1,1696,475,44.4,118.2,0.722
157,-1,795,196,360.7,940,1
157,-1,440,378,155.5,383.3,1
157,-1,1141,63,359,1030.9,1
157,-1,121,379,236.3,505.2,0.999
157,-1,1470,382,123.5,302.7,0.999
157,-1,206,293,250.2,626.8,0.999
158,-1,1464,380,133.8,301.3,1
158,-1,788,195,366.3,943.7,1
158,-1,234,282,243.6,626.6,1
158,-1,1161,90,363,959.4,1
158,-1,443,377,160.5,385.7,1
158,-1,106,377,249,528.4,0.416
159,-1,1129,79,378,1032,1
159,-1,765,205,383.1,921.2,1
159,-1,273,282,216.1,620.8,1
159,-1,1471,362,136.5,319.2,1
159,-1,459,391,148.5,360.4,1
159,-1,130,370,272.5,501.7,0.999
160,-1,129,387,307.5,479.6,1
160,-1,1133,56,366.3,1065.4,1
160,-1,1478,364,136.5,306.4,1
160,-1,764,189,354.4,944.6,1
160,-1,450,379,142.8,378.4,1
160,-1,300,280,213.8,616.6,0.881
161,-1,464,371,156.9,396.8,1
161,-1,160,407,256.2,477.2,1
161,-1,317,282,220.1,625.3,1
161,-1,1471,365,140.2,311.1,1
161,-1,1114,56,372.9,1057.7,1
161,-1,751,183,346.7,958.1,1
162,-1,336,292,211.4,606.7,1
162,-1,1495,363,141.7,303,1
162,-1,1107,61,377,1048.7,1
162,-1,760,190,336.2,964.7,1
162,-1,208,383,228,484,0.999
162,-1,483,394,130.5,370.2,0.993
162,-1,1695,474,45.4,127.9,0.633
162,-1,105,511,86.5,255.1,0.453
163,-1,218,390,228,471.8,1
163,-1,1090,51,392.1,1106.5,1
163,-1,342,321,235.6,583.1,1
163,-1,717,192,370.2,962.4,1
163,-1,1488,362,151.9,307.1,1
163,-1,112,503,81.7,258,0.504
164,-1,725,211,350,938,1
164,-1,1494,389,133.5,288.2,1
164,-1,266,407,171.5,457.1,1
164,-1,385,317,215.1,565.4,1
164,-1,1091,32,378.9,1108.6,1
164,-1,1695,476,45.1,120.4,0.674
165,-1,267,394,201,476.9,1
165,-1,372,349,261.3,515.8,1
165,-1,718,207,366.7,978.8,1
165,-1,1061,47,394.7,1102.2,1
165,-1,1489,369,145.4,309.9,1
165,-1,1694,474,47.2,124.5,0.557
166,-1,402,308,257.4,594.7,1
166,-1,1497,378,149.4,299.3,1
166,-1,680,173,366.2,977.3,1
166,-1,318,389,166,474.9,1
166,-1,1057,53,407.7,1093.9,1
166,-1,1694,473,48,126.4,0.519
167,-1,1024,42,416.3,1121.4,1
167,-1,1501,382,152,301.7,1
167,-1,382,314,280.6,567.4,1
167,-1,659,184,400.3,997.4,0.999
168,-1,1014,61,423.2,1086.2,1
168,-1,336,401,185.3,465.6,1
168,-1,1505,396,145.5,269.9,1
168,-1,621,163,425.3,1016.5,1
168,-1,439,312,237.8,566,1
169,-1,1373,452,89.1,227.4,1
169,-1,435,300,251.7,588.4,1
169,-1,607,166,400.2,1012.3,1
169,-1,1510,386,150.3,281.5,1
169,-1,1002,39,417.3,1117.4,1
169,-1,333,400,196.2,453.3,0.999
169,-1,1692,468,49.2,137.1,0.738
170,-1,992,27,415.5,1124.1,1
170,-1,1392,443,84.7,236.6,1
170,-1,1498,382,154.4,300.8,1
170,-1,342,378,220.8,483,1
170,-1,470,317,200.9,559.6,1
170,-1,590,129,409.6,1061.4,0.999
171,-1,1006,23,383.9,1155.8,1
171,-1,358,397,240.2,461.9,1
171,-1,1520,389,125.8,286.8,1
171,-1,1389,446,87.7,237.5,1
171,-1,568,152,423.9,1059.8,1
171,-1,1694,474,47.9,122.9,0.664
172,-1,1521,389,140,290.1,1
172,-1,955,28,428.5,1125.6,1
172,-1,1384,440,85.3,242,1
172,-1,567,157,423.5,1057,1
172,-1,385,388,215.9,472.2,0.999
172,-1,1693,475,48.2,123.6,0.582
173,-1,377,404,253.7,456.1,1
173,-1,1382,448,97.2,231.5,1
173,-1,1527,369,138.6,301.1,1
173,-1,945,15,415.9,1154.9,1
173,-1,1327,540,69.8,143.1,1
173,-1,551,137,412.5,1081.3,0.999
173,-1,1695,476,45.2,119.5,0.512
174,-1,511,154,426.9,1087.7,1
174,-1,1394,451,81.4,234.2,1
174,-1,925,-4,421.2,1180,1
174,-1,1333,538,62.4,144,1
174,-1,344,418,143,366.9,0.999
174,-1,1515,368,141.4,307.2,0.999
174,-1,393,376,232.4,478,0.997
175,-1,358,411,141.2,395.7,1
175,-1,1374,450,88.1,235.7,1
175,-1,937,-8,428.3,1199.8,1
175,-1,1529,377,131.6,291.9,1
175,-1,496,142,457.6,1111,0.999
175,-1,1334,535,71.7,147.5,0.996
175,-1,1695,475,47.3,125.5,0.503
176,-1,485,134,435.8,1140.4,1
176,-1,1392,440,101.1,237.2,1
176,-1,1541,384,116.4,278.9,1
176,-1,355,397,145,411.3,1
176,-1,1341,538,60.1,148.5,1
176,-1,913,-3,425.4,1151.3,1
177,-1,1387,440,86.9,240,1
177,-1,889,-25,420.4,1202.4,1
177,-1,1548,389,117.1,265.8,1
177,-1,379,415,136.3,385.1,1
177,-1,1337,545,67.4,137.8,1
177,-1,478,124,424.2,1149.4,0.999
178,-1,360,409,173.6,386.5,1
178,-1,1546,374,137.5,276.5,1
178,-1,1396,427,85.1,269.7,1
178,-1,892,-30,423.7,1205.5,1
178,-1,444,143,442.9,1119.9,0.999
178,-1,1335,538,74.9,144.5,0.998
179,-1,1558,397,129.9,284.7,1
179,-1,1396,437,95.6,249.2,1
179,-1,382,408,128.3,385.2,1
179,-1,867,-12,434.8,1145.1,1
179,-1,1335,537,72.8,152.7,1
179,-1,440,148,459.1,1114.9,0.999
180,-1,1544,373,138,302.3,1
180,-1,891,-24,377,1165.8,1
180,-1,1397,434,94.3,259.7,1
180,-1,376,418,151.7,385.7,0.999
180,-1,378,144,506.9,1112.1,0.999
180,-1,1340,532,70.5,161.9,0.999
181,-1,869,-46,389.9,1211.5,1
181,-1,1400,430,87,243.5,1
181,-1,1566,394,115.7,274.6,1
181,-1,1343,539,71.7,141.3,1
181,-1,330,140,534.8,1123.1,0.999
182,-1,1397,439,89.2,236.8,1
182,-1,1571,364,111.6,288.3,1
182,-1,1347,541,73.5,148.3,1
182,-1,839,-17,408.5,1189.9,1
182,-1,317,126,530.5,1120.7,0.999
182,-1,-40,224,194.1,817.7,0.487
183,-1,1393,444,92.5,239.1,1
183,-1,820,-27,440.2,1189.9,1
183,-1,1564,396,130,268.9,1
183,-1,690,298,175.2,534.7,1
183,-1,288,92,560.2,1218.7,0.999
183,-1,1347,534,75.2,151.7,0.999
183,-1,-41,154,208.9,909.2,0.858
184,-1,1558,380,143.2,283.1,1
184,-1,817,-32,421.7,1197.7,1
184,-1,1398,431,101.3,253.4,1
184,-1,701,307,182.1,535,1
184,-1,243,98,552.4,1161.7,0.999
184,-1,1344,544,70.7,147.5,0.999
184,-1,-67,196,341.5,828.1,0.99
185,-1,708,317,177.2,511.1,1
185,-1,788,-48,458.7,1272.5,1
185,-1,1399,430,100.5,247.5,1
185,-1,1585,403,121.4,262.7,1
185,-1,1341,535,74.8,155.8,0.999
185,-1,-48,212,351.5,809.8,0.998
185,-1,242,84,568.6,1220.1,0.998
185,-1,1691,474,47.3,122.5,0.502
186,-1,1401,430,99.3,249.5,1
186,-1,791,-57,430.4,1254.3,1
186,-1,1353,534,67.8,155.1,1
186,-1,1580,370,135.4,302.2,1
186,-1,218,80,506.1,1204.4,0.999
186,-1,-34,198,384,838.7,0.998
187,-1,1404,422,96.2,263.3,1
187,-1,597,411,202.2,422.5,1
187,-1,766,-50,460.3,1292.5,1
187,-1,1573,377,145.4,285.9,1
187,-1,1351,531,72.2,166.1,1
187,-1,-9,185,351.8,826.7,0.999
187,-1,211,92,501.5,1217.1,0.998
188,-1,1585,402,124,258.4,1
188,-1,652,400,149.6,411.4,1
188,-1,1442,429,94.1,228.5,1
188,-1,759,-65,425.5,1294.5,1
188,-1,1352,528,70,168.8,1
188,-1,545,384,149.8,412,0.999
188,-1,-4,214,293.6,778.1,0.999
188,-1,174,65,517.2,1265.6,0.998
188,-1,1395,426,92.7,248,0.997
189,-1,1398,442,97.6,241.7,1
189,-1,548,372,144.8,416.7,1
189,-1,721,-75,448.7,1313,1
189,-1,1364,535,64.9,153.9,1
189,-1,1589,397,124.7,273.1,1
189,-1,1435,411,108.6,241.7,0.998
189,-1,129,89,460.7,1235.2,0.997
189,-1,-22,217,169.5,742.9,0.988
190,-1,1590,382,124.7,275.8,1
190,-1,1395,422,101.2,260.9,1
190,-1,730,-78,457.6,1289.4,1
190,-1,535,373,166.5,413.6,0.999
190,-1,1444,423,108.4,248,0.997
190,-1,18,92,571.2,1202.6,0.996
190,-1,1359,538,72.2,154.4,0.992
191,-1,558,370,160.5,415.8,1
191,-1,1404,443,107.6,248.4,1
191,-1,1365,540,72.9,151.2,1
191,-1,703,-90,465.1,1312.5,1
191,-1,1598,401,127.3,264.9,1
191,-1,449,391,145.5,425.9,0.999
191,-1,1450,416,112.2,258.1,0.998
191,-1,2,67,529.6,1251.2,0.997
192,-1,475,398,128.7,423.2,1
192,-1,1400,440,109.4,252.6,1
192,-1,556,371,169.7,421.4,1
192,-1,1579,385,130.1,274.8,1
192,-1,685,-98,442,1319.5,0.999
192,-1,1361,527,75.4,172,0.999
192,-1,1451,422,113.3,240.9,0.997
192,-1,-20,216,222.3,775.9,0.996
192,-1,-31,99,572.2,1190.9,0.994
193,-1,1403,445,106,241.6,1
193,-1,561,362,164.3,430.5,1
193,-1,658,-121,462.3,1357,1
193,-1,1600,401,132.9,272.2,1
193,-1,486,404,123.5,415,0.999
193,-1,1365,533,65.1,151.8,0.998
193,-1,1464,432,94.2,238.5,0.998
193,-1,-56,88,567.1,1218.8,0.994
194,-1,1372,527,69.9,163,1
194,-1,615,-122,491,1377.5,1
194,-1,1411,434,90.7,252.3,1
194,-1,1599,395,128.8,263.6,1
194,-1,1482,419,89.9,245.3,0.999
194,-1,492,396,137.9,386.9,0.999
194,-1,-18,63,511.9,1284,0.996
195,-1,503,383,152,421.4,1
195,-1,1406,433,93.2,259.5,1
195,-1,1598,391,123.2,250.7,1
195,-1,1482,440,86.2,231.5,0.999
195,-1,612,-109,464.6,1359.4,0.998
195,-1,154,181,328.7,856.4,0.996
195,-1,-24,102,494.5,1244.8,0.979
196,-1,1397,448,108.3,237.4,1
196,-1,1469,429,105.2,237,1
196,-1,1605,410,127.1,242.6,1
196,-1,567,-150,500.6,1399.2,1
196,-1,190,179,334.4,810.6,1
196,-1,-17,118,535.8,1139.5,0.878
197,-1,1401,447,102.4,251.3,1
197,-1,211,220,316,745.5,1
197,-1,1614,394,122.6,252.8,1
197,-1,1462,423,116.1,231.1,0.999
197,-1,499,395,142.6,402.4,0.999
197,-1,532,-126,512.4,1389.9,0.999
197,-1,-39,91,478.5,1185.5,0.886
198,-1,218,210,347,751.3,1
198,-1,1402,442,111.4,238.8,1
198,-1,1605,382,117.5,282.8,1
198,-1,1479,418,104.3,233.2,1
198,-1,501,-155,558.1,1442.4,0.999
198,-1,-38,82,391,1179.5,0.972
199,-1,1398,434,116.8,247.7,1
199,-1,1608,385,119.2,261.1,1
199,-1,239,223,346.8,772,1
199,-1,1497,429,87,227.9,1
199,-1,462,-169,564.2,1482.9,0.999
199,-1,110,255,225.6,705.6,0.988
199,-1,-20,71,280.8,1182.8,0.895
200,-1,1398,429,118.3,263.6,1
200,-1,1503,428,84.2,216.5,1
200,-1,292,203,292.6,819.5,1
200,-1,1611,398,142.8,251.6,0.999
200,-1,144,244,246.9,685.2,0.999
200,-1,476,-156,510.1,1464.1,0.998
200,-1,-12,62,217.9,1141.8,0.954
200,-1,905,311,194.9,488.6,0.902
201,-1,1403,534,62,164.4,1
201,-1,281,236,306.8,730.5,1
201,-1,1631,396,120.5,259.7,1
201,-1,1417,440,99.3,244.2,1
201,-1,1505,434,87.8,219.2,0.999
201,-1,933,316,225,486.8,0.998
201,-1,174,255,211.8,649.9,0.996
201,-1,396,-161,610.1,1484.1,0.995
201,-1,-32,109,212.8,1028,0.834
202,-1,1402,538,63.6,150.1,1
202,-1,922,316,249.9,499,1
202,-1,1426,442,105.5,254.4,1
202,-1,1513,432,83.6,221,1
202,-1,1634,392,106,263.7,0.999
202,-1,202,250,213.7,658.7,0.999
202,-1,338,222,229.4,729.1,0.999
202,-1,383,-142,595.6,1466.5,0.997
202,-1,-12,79,199.1,1075.7,0.656
203,-1,1625,398,134.2,256.3,1
203,-1,1406,539,67.3,148.3,1
203,-1,1422,440,103.9,260,1
203,-1,1514,436,82.5,218.8,1
203,-1,925,340,240.7,457.7,0.999
203,-1,207,252,223.1,654.8,0.999
203,-1,367,-155,571.4,1472.7,0.997
204,-1,228,259,214,668.1,1
204,-1,1538,425,80.8,242.4,1
204,-1,1638,391,113.2,252.8,1
204,-1,1421,440,98.5,250.9,1
204,-1,963,318,211.1,473.8,1
204,-1,831,379,182.3,413.4,0.998
204,-1,318,-160,577.9,1461.2,0.997
205,-1,1519,432,89.4,217,1
205,-1,1628,394,137.9,264.8,1
205,-1,236,253,215,637.3,1
205,-1,1408,539,65.3,149.8,1
205,-1,955,325,213.5,465.5,0.999
205,-1,1440,445,98,242.2,0.999
205,-1,835,361,210.6,456.1,0.998
205,-1,269,-139,644.9,1429.2,0.995
206,-1,1648,401,119,237.9,1
206,-1,990,346,190.8,449.7,1
206,-1,853,387,190.8,403.3,1
206,-1,1417,442,113.2,253.9,1
206,-1,1523,426,102.3,233.6,1
206,-1,243,279,169.7,666.5,0.995
206,-1,236,-151,617.7,1486.6,0.991
207,-1,1539,423,113.2,241.3,1
207,-1,983,354,187.8,440.6,1
207,-1,1649,410,127.4,229.1,1
207,-1,869,395,188.5,388.2,1
207,-1,1445,441,75.7,236.9,1
207,-1,1416,532,53.8,159.8,1
207,-1,160,-146,685.3,1462.4,0.995
207,-1,-28,278,160.2,828.6,0.561
208,-1,1420,436,123.2,264.3,1
208,-1,1655,409,99,249.8,1
208,-1,1008,339,178,447.2,1
208,-1,878,386,179.9,401.6,1
208,-1,1529,423,110.4,230.6,0.999
208,-1,137,-181,651.8,1538.2,0.997
208,-1,-22,286,191.8,758.5,0.892
209,-1,1437,445,114.7,243.9,1
209,-1,1024,336,187.1,464.5,1
209,-1,886,398,180.3,399.4,1
209,-1,1535,429,110.4,232,1
209,-1,1659,413,124.1,248.5,0.999
209,-1,667,411,172.2,388.6,0.999
209,-1,-29,284,236.2,745.7,0.993
209,-1,73,-188,669,1545.1,0.989
210,-1,905,399,168.3,371.5,1
210,-1,1430,437,116.7,252.3,1
210,-1,1548,431,107.4,228.2,1
210,-1,1651,400,116.1,254.8,1
210,-1,1039,344,160,445.2,1
210,-1,655,366,175.4,439.2,0.999
210,-1,482,316,247.3,606.9,0.996
210,-1,-22,288,230.3,712.4,0.99
210,-1,11,-161,676.8,1505.9,0.985
211,-1,1434,425,117.4,279.4,1
211,-1,1060,323,186.4,471.3,1
211,-1,1662,400,117.4,245.3,1
211,-1,927,395,134.2,382.4,1
211,-1,1557,422,93.5,231.8,1
211,-1,445,260,382.3,646.2,0.999
211,-1,-16,299,187.7,674.1,0.989
211,-1,-30,-152,636.6,1466.1,0.974
212,-1,1659,402,126,245.1,1
212,-1,1061,338,203.7,464,1
212,-1,1424,534,70.7,162.5,1
212,-1,462,259,362.6,650.1,1
212,-1,939,373,134.1,395.4,1
212,-1,1553,423,95.8,233.1,1
212,-1,1458,448,95,237.1,1
212,-1,-60,-199,628,1531.2,0.972
213,-1,942,394,143.9,382.4,1
213,-1,1663,400,119.4,242.5,1
213,-1,1448,436,99.4,262.3,1
213,-1,1568,424,86.9,226.7,1
213,-1,469,275,354.2,644.8,0.999
213,-1,1087,330,179.6,462,0.999
213,-1,-61,-227,596.3,1572.8,0.962
214,-1,1456,455,106.7,238.3,1
214,-1,513,264,279.1,662.6,1
214,-1,1684,401,107.4,255.6,1
214,-1,1582,422,82.5,228.6,1
214,-1,1096,340,188.9,443.1,0.999
214,-1,954,400,139.7,365.8,0.999
214,-1,377,266,218.2,635.8,0.982
214,-1,1426,533,59.7,171.8,0.966
214,-1,-52,-264,565.6,1657.5,0.761
215,-1,1432,535,75.6,171.8,1
215,-1,1105,327,174.6,453.1,1
215,-1,966,416,131.1,368.7,1
215,-1,1582,418,88.1,231.8,1
215,-1,513,257,325.4,646.5,1
215,-1,391,295,227.1,582.7,1
215,-1,1451,440,101.8,250,1
215,-1,1671,390,121.4,251.9,1
215,-1,-31,-221,497.7,1549.2,0.621
216,-1,1113,339,181.8,438.9,1
216,-1,540,265,285.2,649.8,1
216,-1,1472,438,85.4,259.3,1
216,-1,416,280,224.1,600,1
216,-1,1432,539,62.7,164.1,1
216,-1,1676,392,127.6,258.5,1
216,-1,1596,415,90.5,232.2,1
216,-1,958,391,163.1,392.6,0.999
216,-1,-24,-177,404.6,1424.1,0.832
216,-1,904,521,43.3,111.2,0.531
217,-1,1593,419,92.9,232.3,1
217,-1,966,420,143.1,352.6,1
217,-1,457,298,190.2,557.4,1
217,-1,1117,342,198.3,437.3,1
217,-1,1458,437,90.4,250.7,1
217,-1,1682,397,122.1,248.7,1
217,-1,566,273,283.5,644.8,1
217,-1,18,-87,405,1318.1,0.824
217,-1,906,523,43.5,107.9,0.744
218,-1,1681,401,113.5,233.9,1
218,-1,1113,332,207,458.5,1
218,-1,600,269,229.7,636,1
218,-1,1447,545,60.3,159.1,1
218,-1,1479,435,87.8,258,1
218,-1,1610,426,92.7,221.1,1
218,-1,980,423,154.6,357.2,1
218,-1,459,287,197.2,587.9,1
218,-1,124,274,266.5,726.4,0.953
218,-1,1,-102,367,1355.9,0.785
219,-1,480,292,218.2,588.8,1
219,-1,1130,338,191.9,450.2,1
219,-1,628,257,214.5,639.4,1
219,-1,1475,442,100.7,250,1
219,-1,1683,392,111.1,259.9,1
219,-1,1008,414,131.5,357.2,1
219,-1,1614,418,94.4,231.3,1
219,-1,1438,533,79.1,174.7,0.999
219,-1,148,267,289.8,732.8,0.998
219,-1,911,528,37.1,95,0.977
220,-1,1461,425,100.3,263.5,1
220,-1,1145,359,170.5,423,1
220,-1,1605,428,110,216.6,1
220,-1,997,407,149.4,353.7,1
220,-1,506,269,210.2,607.3,1
220,-1,639,275,227.3,607.4,1
220,-1,115,276,398.7,715.9,0.999
220,-1,1682,402,117.3,236.6,0.999
220,-1,910,523,37.6,96.8,0.964
221,-1,1017,397,131.1,361.7,1
221,-1,688,289,212.4,572.7,1
221,-1,514,294,206.9,576.7,1
221,-1,1611,425,131.2,222.6,1
221,-1,127,263,421.6,706.9,1
221,-1,1159,345,156.3,421.2,1
221,-1,1483,426,99.2,285.3,1
221,-1,1694,405,104.9,233.7,1
221,-1,1451,535,59.7,165.3,1
222,-1,506,299,221.7,550,1
222,-1,705,255,228.9,617.6,1
222,-1,1452,537,78.2,164,1
222,-1,1156,335,151.8,438.2,1
222,-1,1030,401,135.2,374.3,1
222,-1,1478,424,93.1,260.5,1
222,-1,132,281,420.7,704.6,1
222,-1,1697,409,107.8,229.3,1
222,-1,1621,429,116.2,228.6,0.999
223,-1,707,268,237.8,613.1,1
223,-1,1041,400,131.7,352.4,1
223,-1,1171,359,145.6,408.1,1
223,-1,1480,420,91.3,269.5,1
223,-1,528,300,239.6,563.5,1
223,-1,1618,431,121.6,226.4,1
223,-1,1690,402,117.1,251.8,0.999
223,-1,173,291,367.1,704.2,0.998
224,-1,1047,407,128.8,346,1
224,-1,1460,532,74.6,178.4,1
224,-1,121,297,271.9,655.2,1
224,-1,721,268,236.8,610.5,1
224,-1,531,284,218.9,567.9,1
224,-1,1618,427,125.2,227.7,1
224,-1,1170,352,151.3,423.7,1
224,-1,1703,405,102.7,228.9,1
224,-1,1482,439,97.1,249.7,0.999
224,-1,214,278,365.1,679.2,0.999
225,-1,1691,393,122.9,254.3,1
225,-1,1465,535,68.6,165.4,1
225,-1,559,284,202.5,579.6,1
225,-1,1494,434,102.9,259.8,1
225,-1,732,275,257.2,584.6,1
225,-1,1162,343,173.7,437.7,1
225,-1,1632,421,110.9,235,1
225,-1,1041,394,149.7,379.6,0.999
225,-1,153,298,374.8,691.8,0.999
226,-1,561,293,226.1,564.5,1
226,-1,746,272,253.5,595.9,1
226,-1,1493,431,108.8,270.2,1
226,-1,1186,352,166.2,407.7,1
226,-1,1648,427,100.8,227.5,0.999
226,-1,252,294,349,672.1,0.999
226,-1,1052,413,145.2,336.4,0.999
226,-1,1720,399,88.1,233.9,0.998
227,-1,752,297,254,571.6,1
227,-1,312,291,284.8,682.7,1
227,-1,1187,350,157.3,407.5,1
227,-1,1073,408,152.9,339.4,1
227,-1,1469,538,73.3,161.9,1
227,-1,1488,431,93.1,261.4,0.999
227,-1,579,296,211.1,557.2,0.999
227,-1,1703,392,117.5,247.6,0.998
227,-1,1653,430,95.6,211.4,0.998
227,-1,172,306,267.5,630.6,0.985
228,-1,1478,526,71.5,179.5,1
228,-1,349,290,269.4,685.3,1
228,-1,758,274,268.2,581.3,1
228,-1,609,293,185.6,562.4,1
228,-1,1198,340,160,434,1
228,-1,1662,417,98.1,230.3,1
228,-1,187,286,311.2,668.6,0.999
228,-1,1484,419,100.6,286.5,0.999
228,-1,1710,402,113.9,247.2,0.999
228,-1,1064,398,142.2,363.3,0.999
229,-1,239,312,267.1,601.8,1
229,-1,1209,351,141.3,406,1
229,-1,611,294,195.1,554.7,1
229,-1,787,285,230.6,573.5,1
229,-1,1496,425,103.9,266.2,1
229,-1,1669,417,98.7,229,1
229,-1,397,277,213.5,694.2,1
229,-1,1081,419,151.4,327.3,0.999
229,-1,1725,400,100.8,237,0.999
230,-1,259,305,242,630.3,1
230,-1,779,271,251.1,594.2,1
230,-1,1214,355,138.9,404.6,1
230,-1,1484,531,77.8,170.5,1
230,-1,1099,423,147.3,332.3,1
230,-1,1513,425,113.9,282.2,1
230,-1,428,293,213.1,653,1
230,-1,1678,416,91.9,225.9,1
230,-1,650,296,171.2,542.6,0.999
230,-1,1725,399,99.6,236.4,0.998
231,-1,648,309,203.6,514,1
231,-1,1509,422,104.5,257.9,1
231,-1,804,281,209.1,593.8,1
231,-1,1221,363,136,390.2,1
231,-1,414,278,253.5,654.4,1
231,-1,306,302,210.8,606.8,1
231,-1,1680,424,86.8,220.1,1
231,-1,1097,413,127,342.7,0.999
231,-1,1743,424,84.1,217.5,0.998
232,-1,1518,437,103.5,253.4,1
232,-1,653,302,195.4,542.7,1
232,-1,1112,420,138.2,333.3,1
232,-1,1220,347,148.3,412.1,1
232,-1,808,288,225.3,569,1
232,-1,1734,411,104.5,227.5,1
232,-1,450,298,249.4,649.4,1
232,-1,1686,418,93.5,225.2,1
232,-1,1480,529,83.6,184,1
232,-1,346,309,169.5,597.5,1
233,-1,447,289,259.1,672.2,1
233,-1,1694,424,90.6,228.7,1
233,-1,343,310,186.4,585.7,1
233,-1,1139,427,112.1,309.3,1
233,-1,841,274,190.7,559.3,1
233,-1,661,297,207.5,540.5,1
233,-1,1232,374,149.6,383.2,1
233,-1,1497,533,69.1,173.8,1
233,-1,1735,401,102.3,242.9,1
233,-1,1509,425,119.5,267.6,0.999
234,-1,676,322,228.4,518.1,1
234,-1,361,303,207.2,596.6,1
234,-1,469,307,264.2,659.1,1
234,-1,1702,429,89.2,223,1
234,-1,1745,406,95.6,227.5,1
234,-1,1491,531,80.7,182.7,1
234,-1,1246,344,146.5,407.5,1
234,-1,869,275,190.6,580.9,1
234,-1,1136,432,120.7,317.9,0.999
234,-1,1530,417,99.9,284.1,0.999
235,-1,1134,429,123.6,307,1
235,-1,1501,536,79.5,177.9,1
235,-1,871,286,182.6,549.5,1
235,-1,494,296,264.9,636,1
235,-1,677,302,239.6,527.1,1
235,-1,375,316,193.4,615.9,1
235,-1,1258,358,151.8,396.6,1
235,-1,1705,424,91.1,221.9,1
235,-1,1530,428,81.3,262.3,0.999
235,-1,1738,404,111.4,229,0.998
236,-1,393,326,225.7,579.6,1
236,-1,888,282,193.2,573.5,1
236,-1,1505,532,85.3,169.7,1
236,-1,504,307,253.5,623.9,1
236,-1,692,313,229.5,514.5,1
236,-1,1163,435,104,295.3,1
236,-1,1258,358,160.5,395.2,1
236,-1,1705,415,108.9,228,1
236,-1,1522,420,97.3,280.2,0.997
237,-1,691,317,250.1,527.1,1
237,-1,532,304,219.9,622,1
237,-1,1253,352,158.5,389,1
237,-1,1150,430,121.7,285.2,1
237,-1,1713,418,91.1,231.7,1
237,-1,892,297,227.5,557.8,1
237,-1,392,318,267.9,588.7,0.999
237,-1,1510,533,94.6,172.4,0.999
237,-1,1535,450,94.6,250,0.998
237,-1,1753,403,105.1,247,0.991
238,-1,689,306,296.8,515.2,1
238,-1,1747,410,95.8,221.1,1
238,-1,891,274,250.2,576.7,1
238,-1,519,293,234.9,629.9,1
238,-1,1266,358,170.4,409.8,1
238,-1,1509,534,98.7,172.7,1
238,-1,1171,427,114.6,260.5,1
238,-1,1523,435,108.7,271.8,0.999
238,-1,408,336,219.9,583.6,0.996
239,-1,908,290,270.9,579.5,1
239,-1,714,330,249,515.8,1
239,-1,561,311,216.7,603.7,1
239,-1,1271,351,169.7,396.2,1
239,-1,1183,421,102.9,283.6,1
239,-1,1728,423,87.7,221.9,1
239,-1,423,318,232.1,586.4,0.999
239,-1,1515,542,111.1,175.7,0.999
239,-1,1542,427,89.9,245.6,0.86
239,-1,1769,396,96,222.2,0.713
240,-1,464,328,224,560.1,1
240,-1,1188,420,107.1,305.3,1
240,-1,903,297,283.4,547.5,1
240,-1,1728,417,94.9,236.4,1
240,-1,1291,371,137.8,372.1,1
240,-1,579,300,226.4,613.2,1
240,-1,1520,529,106.6,177,0.999
240,-1,715,298,249.6,522,0.999
241,-1,1760,405,99.8,220.2,1
241,-1,781,321,176.2,520.8,1
241,-1,478,308,201.8,564.8,1
241,-1,903,295,276.5,542.7,1
241,-1,1274,354,165.2,405.4,1
241,-1,607,296,214.8,604.3,1
241,-1,1170,418,131.9,335.6,1
241,-1,1541,527,91.4,190.2,1
241,-1,1522,418,68.5,244.2,0.438
242,-1,937,302,236.2,508.6,1
242,-1,1752,423,87.6,209.9,1
242,-1,617,316,219.2,601.3,1
242,-1,492,321,229.4,555.1,1
242,-1,1547,532,86.3,180.8,1
242,-1,1282,363,162.6,378,1
242,-1,771,314,205.7,513.5,0.999
242,-1,1189,427,121.3,320.4,0.999
242,-1,1517,412,88.3,243.2,0.997
243,-1,930,300,239.8,540,1
243,-1,774,287,200.7,564,1
243,-1,507,337,208,546.4,1
243,-1,646,302,218,591.7,1
243,-1,1298,370,148,381.8,1
243,-1,1555,534,80,173.7,1
243,-1,1749,420,92.3,229.3,1
243,-1,1203,430,108.5,297,0.999
243,-1,1541,422,82.1,246.9,0.997
244,-1,965,279,201.2,549.6,1
244,-1,1300,353,137.2,391.3,1
244,-1,653,316,237.1,582.8,1
244,-1,1767,418,92.1,224.3,1
244,-1,531,328,202.2,539,1
244,-1,814,298,157.7,541.4,0.999
244,-1,1543,418,89.5,269.1,0.999
244,-1,1197,437,119.7,290.5,0.999
245,-1,571,322,166.3,562.1,1
245,-1,1754,420,99.7,224.5,1
245,-1,1304,369,155.5,399.7,1
245,-1,984,280,207.2,552.2,1
245,-1,655,302,246.6,593.9,1
245,-1,1199,433,115.9,297.9,0.999
245,-1,1560,533,82.7,174.4,0.999
245,-1,823,303,158.5,513.2,0.998
245,-1,1541,423,80.8,264.4,0.998
245,-1,925,368,116.3,390.4,0.873
246,-1,634,305,311,608.5,1
246,-1,1302,345,144.8,405.1,1
246,-1,1771,426,95,213.9,1
246,-1,1008,286,193.3,535.4,1
246,-1,1570,537,89.5,168.7,0.999
246,-1,1546,431,82.4,278.8,0.999
246,-1,1226,423,97.6,313.1,0.999
246,-1,926,359,137,408.6,0.986
246,-1,1683,468,52.7,135,0.707
247,-1,1206,438,128,295.5,1
247,-1,1765,416,89.9,241.1,1
247,-1,1018,278,182.8,540.3,1
247,-1,1572,535,90.5,174.4,1
247,-1,1308,354,146,383.3,1
247,-1,679,313,252.5,566.3,1
247,-1,1545,428,83.5,283.3,0.999
247,-1,956,376,118.9,390.1,0.985
247,-1,587,324,180.6,525.6,0.958
247,-1,866,318,134.8,468.2,0.616
248,-1,623,319,191.9,574.8,1
248,-1,1772,422,93.4,225.6,1
248,-1,1314,370,133.8,358,1
248,-1,1024,281,183.4,554.2,1
248,-1,1580,540,88.1,178.9,1
248,-1,1546,423,78.4,275.4,0.999
248,-1,677,329,289.3,560,0.999
248,-1,1226,418,107.7,309.4,0.999
248,-1,947,371,125.9,389.8,0.993
249,-1,1776,423,101.5,228.1,1
249,-1,1047,304,189.4,503.1,1
249,-1,1582,532,83.4,181.5,1
249,-1,1311,357,143.9,390.7,1
249,-1,706,314,265.6,570.6,0.999
249,-1,1542,420,82.5,277.9,0.999
249,-1,1220,425,123.5,306.9,0.998
249,-1,960,376,110.3,386.7,0.916
250,-1,723,330,247.3,555.4,1
250,-1,1593,520,85.4,198.2,1
250,-1,1315,353,149.4,379.5,1
250,-1,1782,424,94.6,221.7,1
250,-1,1050,305,206.9,508.8,1
250,-1,1544,418,81.6,279.4,0.999
250,-1,1229,424,112.4,301.7,0.998
250,-1,612,317,222.7,549.3,0.997
250,-1,965,386,119.3,391.3,0.972
250,-1,880,306,181.1,504.7,0.938
250,-1,1688,467,54.1,132.2,0.681
251,-1,606,342,259,504.1,1
251,-1,1333,367,122.7,359.9,1
251,-1,1598,531,84.7,176.4,1
251,-1,1033,312,251.6,508.8,1
251,-1,769,307,213,581,1
251,-1,1785,430,92.2,209.8,1
251,-1,1529,432,96.7,266.7,0.998
251,-1,895,313,177.2,481,0.998
251,-1,1248,440,103.8,278.2,0.997
251,-1,1689,467,53,140.7,0.479
252,-1,634,346,233.9,508.2,1
252,-1,1052,311,231.6,510.2,1
252,-1,1611,527,74.6,175.6,1
252,-1,783,328,213.2,551.8,1
252,-1,1342,381,132.1,355.7,1
252,-1,1783,417,102.4,221,1
252,-1,1540,424,88.5,291.9,0.999
252,-1,1227,427,128.1,287.8,0.997
252,-1,982,365,119.2,398.5,0.991
253,-1,1545,419,79.5,290,1
253,-1,1054,288,230.4,533.9,1
253,-1,808,303,192.9,564.8,1
253,-1,1344,361,135.6,372.1,1
253,-1,653,340,245.4,535,1
253,-1,1603,527,92,179.9,1
253,-1,1802,422,89.9,214.3,1
253,-1,963,381,134.4,382.1,0.993
253,-1,1230,416,124.9,296.4,0.991
254,-1,1545,421,79.5,297,1
254,-1,1345,360,133.5,358.9,1
254,-1,814,319,199.9,554.7,1
254,-1,1785,415,114.8,234.2,1
254,-1,1085,326,239.2,478.9,1
254,-1,1618,535,90.1,178.6,1
254,-1,651,322,242.4,528.7,0.999
254,-1,972,371,141.8,400.2,0.996
255,-1,1081,334,219.9,484.5,1
255,-1,677,352,226.4,496,1
255,-1,1625,526,88.7,185,1
255,-1,1797,420,102.6,234.5,1
255,-1,863,319,197.8,557.9,1
255,-1,1357,371,105.6,350.2,1
255,-1,1538,412,81,308.6,0.998
255,-1,1006,388,126.8,387.6,0.996
255,-1,1265,431,99,291.2,0.995
256,-1,727,343,163.1,505.3,1
256,-1,1349,389,118.3,340.5,1
256,-1,848,337,230.1,539.5,1
256,-1,1811,422,82.1,216.1,1
256,-1,1086,329,219.3,473.4,1
256,-1,1544,414,85.3,307.9,1
256,-1,1630,526,97.3,197.7,1
256,-1,1280,419,100.5,290.2,0.998
256,-1,1020,395,117.8,358,0.986
257,-1,1090,311,220.5,491.9,1
257,-1,866,315,216.6,568.1,1
257,-1,1529,416,96,284.7,1
257,-1,735,342,166.4,521.2,1
257,-1,1362,375,120.9,354.3,1
257,-1,1628,517,103.1,206.9,1
257,-1,1806,428,96.5,204.4,1
257,-1,1277,413,112.5,317.7,0.999
257,-1,1020,391,129.5,349.1,0.995
258,-1,1640,520,100,199.1,1
258,-1,1106,313,208.7,506.1,1
258,-1,869,311,222.6,545.5,1
258,-1,747,351,157.4,492.4,1
258,-1,1818,419,92.9,217.5,1
258,-1,1365,361,142.8,354,1
258,-1,1283,418,106.1,290,0.999
258,-1,1552,424,95.6,288.8,0.998
259,-1,1528,416,105.8,283,1
259,-1,888,324,210.2,535.3,1
259,-1,1115,317,197.1,480.4,1
259,-1,1638,529,110.9,196.3,1
259,-1,1368,370,122.8,347.1,1
259,-1,758,331,176.7,504.9,1
259,-1,1813,418,92.7,222.1,1
259,-1,1292,423,108.3,300.5,0.999
260,-1,1133,314,166.4,484.2,1
260,-1,1382,358,140.1,372.8,1
260,-1,795,332,157.7,529.6,1
260,-1,909,338,195.3,538.1,1
260,-1,1659,524,93,201.3,1
260,-1,1820,429,94.8,203.3,1
260,-1,1299,413,104.3,317.9,0.999
260,-1,1540,418,97,306.6,0.999
261,-1,795,347,169.9,497.4,1
261,-1,928,314,200.1,547.3,1
261,-1,1823,425,95.6,214,1
261,-1,1654,522,93.8,200.5,1
261,-1,1379,369,137.8,344.4,1
261,-1,1134,326,175.7,473.5,1
261,-1,1301,422,94.2,297.6,0.999
261,-1,1536,429,89.2,283.7,0.999
262,-1,925,339,209.9,501.6,1
262,-1,808,332,192.8,512.4,1
262,-1,1809,425,111.4,224.1,1
262,-1,1536,423,100.1,279.1,1
262,-1,1152,314,172.4,482.7,1
262,-1,1663,520,96.7,203.8,1
262,-1,1393,357,141.6,372.7,1
262,-1,1309,427,93.1,289,0.999
263,-1,948,341,186.8,520.9,1
263,-1,1311,417,103.6,302.3,1
263,-1,1827,418,94.2,222.8,1
263,-1,806,332,203.1,494.8,1
263,-1,1383,373,157.3,357.3,1
263,-1,1158,301,187.1,494.3,1
263,-1,1677,519,83.8,196.9,1
263,-1,1537,406,97.6,301.5,0.999
